TIME(MS),COMMAND,VALUE
 000550 ,3      ,1
 000750 ,2      ,1
 000750 ,3      ,0
 000900 ,2      ,0
 000900 ,3      ,1
 001050 ,1      ,1
 001050 ,3      ,0
 001150 ,1      ,0
 001150 ,3      ,1
 001200 ,2      ,1
 001200 ,3      ,0
 001350 ,2      ,0
 001350 ,3      ,1
 001450 ,3      ,0
 001450 ,4      ,1
 001600 ,3      ,1
 001600 ,4      ,0
 001700 ,2      ,1
 001700 ,3      ,0
 001850 ,2      ,0
 001850 ,3      ,1
 001950 ,1      ,1
 001950 ,3      ,0
 002150 ,1      ,0
 002150 ,5      ,1
 002250 ,4      ,1
 002250 ,5      ,0
 003250 ,3      ,1
 003250 ,4      ,0
 003500 ,3      ,0
 003500 ,4      ,1
 004100 ,4      ,0
 004100 ,5      ,1
 004250 ,4      ,1
 004250 ,5      ,0
 004350 ,3      ,1
 004350 ,4      ,0
 004450 ,3      ,0
 004450 ,4      ,1
 004550 ,3      ,1
 004550 ,4      ,0
 004650 ,1      ,1
 004650 ,3      ,0
 004750 ,1      ,0
 004750 ,2      ,1
 004850 ,2      ,0
 004850 ,3      ,1
 004950 ,3      ,0
 004950 ,4      ,1
 005050 ,2      ,1
 005050 ,4      ,0
 005150 ,2      ,0
 005150 ,3      ,1
 005250 ,1      ,1
 005250 ,3      ,0
 005400 ,1      ,0
 005400 ,3      ,1
 005500 ,3      ,0
 005500 ,4      ,1
 006100 ,3      ,1
 006100 ,4      ,0
 006250 ,2      ,1
 006250 ,3      ,0
 006350 ,2      ,0
 006350 ,3      ,1
 006600 ,3      ,0
 006600 ,4      ,1
 007850 ,4      ,0
 007850 ,5      ,1
 007950 ,3      ,1
 007950 ,5      ,0
 008050 ,3      ,0
 008050 ,4      ,1
 008200 ,1      ,1
 008200 ,4      ,0
 008400 ,1      ,0
 008400 ,3      ,1
 008500 ,3      ,0
 008500 ,4      ,1
 009900 ,3      ,1
 009900 ,4      ,0
 009950 ,3      ,0
 009950 ,4      ,1
 010100 ,2      ,1
 010100 ,4      ,0
 010250 ,2      ,0
 010250 ,4      ,1
 010350 ,3      ,1
 010350 ,4      ,0
 010550 ,3      ,0
 010550 ,4      ,1
 010650 ,3      ,1
 010650 ,4      ,0
 010700 ,2      ,1
 010700 ,3      ,0
 010850 ,2      ,0
 010850 ,4      ,1
 011400 ,2      ,1
 011400 ,4      ,0
 011550 ,2      ,0
 011550 ,4      ,1
 011700 ,2      ,1
 011700 ,4      ,0
 012150 ,1      ,1
 012150 ,2      ,0
 012300 ,1      ,0
 012300 ,4      ,1
 012450 ,3      ,1
 012450 ,4      ,0
 012850 ,2      ,1
 012850 ,3      ,0
 013150 ,2      ,0
 013150 ,5      ,1
 013300 ,1      ,1
 013300 ,5      ,0
 013450 ,1      ,0
 013450 ,2      ,1
 013750 ,1      ,1
 013750 ,2      ,0
 013850 ,1      ,0
 013850 ,3      ,1
 014000 ,1      ,1
 014000 ,3      ,0
 014150 ,1      ,0
 014150 ,4      ,1
 014300 ,2      ,1
 014300 ,4      ,0
 014450 ,2      ,0
 014450 ,3      ,1
 014450 ,6      ,1
 014650 ,2      ,1
 014650 ,3      ,0
 014650 ,6      ,0
 014750 ,7      ,1
 014800 ,2      ,0
 014800 ,3      ,1
 014950 ,7      ,0
 015000 ,8      ,1
 015050 ,3      ,0
 015050 ,5      ,1
 015200 ,3      ,1
 015200 ,5      ,0
 015200 ,8      ,0
 015300 ,4      ,1
 015300 ,5      ,1
 015300 ,8      ,1
 015350 ,1      ,1
 015350 ,2      ,1
 015350 ,7      ,1
 015400 ,6      ,1
 015600 ,1      ,0
 015600 ,3      ,0
 015600 ,5      ,0
 015750 ,1      ,1
 015750 ,2      ,0
 015750 ,3      ,1
 015750 ,4      ,0
 015750 ,5      ,1
 015750 ,6      ,0
 015950 ,1      ,0
 015950 ,2      ,1
 015950 ,3      ,0
 015950 ,4      ,1
 015950 ,5      ,0
 015950 ,7      ,0
 016100 ,8      ,0
 016200 ,1      ,1
 016200 ,2      ,0
 016200 ,3      ,1
 016200 ,4      ,0
 016200 ,5      ,1
 016200 ,8      ,1
 016250 ,7      ,1
 016300 ,6      ,1
 016800 ,6      ,0
 016800 ,8      ,0
 017050 ,6      ,1
 017050 ,7      ,0
 017350 ,6      ,0
 017350 ,8      ,1
 017500 ,7      ,1
 017500 ,8      ,0
 017650 ,6      ,1
 017650 ,7      ,0
 017750 ,6      ,0
 017750 ,8      ,1
 017900 ,2      ,1
 017900 ,4      ,1
 017900 ,6      ,1
 017900 ,7      ,1
 017900 ,8      ,0
 018100 ,1      ,0
 018100 ,2      ,0
 018100 ,3      ,0
 018100 ,4      ,0
 018100 ,5      ,0
 018100 ,6      ,0
 018100 ,7      ,0
 018200 ,2      ,1
 018200 ,3      ,1
 018200 ,4      ,1
 018200 ,7      ,1
 018200 ,8      ,1
 018400 ,2      ,0
 018400 ,3      ,0
 018400 ,4      ,0
 018400 ,7      ,0
 018400 ,8      ,0
 018500 ,3      ,1
 018500 ,6      ,1
 018500 ,8      ,1
 018700 ,3      ,0
 018700 ,6      ,0
 018700 ,8      ,0
 018800 ,2      ,1
 018800 ,4      ,1
 018800 ,7      ,1
 019100 ,7      ,0
 019100 ,8      ,1
 019250 ,6      ,1
 019350 ,6      ,0
 019350 ,8      ,0
 019500 ,1      ,1
 019500 ,2      ,0
 019500 ,4      ,0
 019550 ,2      ,1
 019600 ,3      ,1
 019600 ,8      ,1
 019650 ,4      ,1
 019650 ,7      ,1
 019700 ,5      ,1
 019700 ,6      ,1
 019750 ,8      ,0
 020100 ,6      ,0
 020100 ,7      ,0
 020150 ,1      ,0
 020150 ,6      ,1
 020200 ,6      ,0
 020250 ,2      ,0
 020250 ,7      ,1
 020350 ,7      ,0
 020400 ,3      ,0
 020400 ,8      ,1
 020500 ,8      ,0
 020550 ,1      ,1
 020550 ,3      ,1
 020550 ,4      ,0
 020550 ,6      ,1
 020550 ,7      ,1
 020550 ,8      ,1
 020750 ,6      ,0
 020750 ,7      ,0
 020750 ,8      ,0
 020800 ,7      ,1
 020950 ,7      ,0
 021000 ,2      ,1
 021000 ,4      ,1
 021000 ,6      ,1
 021100 ,6      ,0
 021100 ,7      ,1
 021150 ,2      ,0
 021150 ,4      ,0
 021150 ,7      ,0
 021150 ,8      ,1
 021300 ,1      ,0
 021300 ,3      ,0
 021300 ,5      ,0
 021300 ,8      ,0
 021400 ,1      ,1
 021400 ,2      ,1
 021400 ,3      ,1
 021400 ,4      ,1
 021400 ,5      ,1
 021600 ,1      ,0
 021600 ,2      ,0
 021600 ,3      ,0
 021600 ,4      ,0
 021600 ,5      ,0
 021650 ,6      ,1
 021650 ,7      ,1
 021650 ,8      ,1
 021800 ,6      ,0
 021800 ,7      ,0
 021800 ,8      ,0
 021950 ,1      ,1
 021950 ,2      ,1
 021950 ,3      ,1
 021950 ,4      ,1
 021950 ,5      ,1
 021950 ,6      ,1
 021950 ,7      ,1
 021950 ,8      ,1
 022200 ,1      ,0
 022200 ,2      ,0
 022200 ,3      ,0
 022200 ,4      ,0
 022200 ,5      ,0
 022200 ,6      ,0
 022200 ,7      ,0
 022200 ,8      ,0
 022300 ,5      ,1
 022300 ,8      ,1
 022350 ,4      ,1
 022350 ,7      ,1
 022400 ,3      ,1
 022400 ,6      ,1
 022450 ,2      ,1
 022500 ,1      ,1
 022550 ,6      ,0
 022850 ,7      ,0
 023150 ,2      ,0
 023150 ,3      ,0
 023150 ,4      ,0
 023150 ,6      ,1
 023150 ,8      ,0
 023450 ,6      ,0
 023450 ,7      ,1
 023600 ,7      ,0
 023600 ,8      ,1
 023750 ,7      ,1
 023750 ,8      ,0
 024000 ,1      ,0
 024000 ,2      ,1
 024000 ,3      ,1
 024000 ,4      ,1
 024000 ,5      ,0
 024000 ,6      ,1
 024000 ,7      ,0
 024350 ,6      ,0
 024350 ,7      ,1
 024500 ,7      ,0
 024500 ,8      ,1
 024550 ,7      ,1
 024600 ,6      ,1
 024650 ,7      ,0
 024650 ,8      ,0
 024900 ,1      ,1
 024900 ,4      ,0
 024900 ,6      ,0
 024900 ,7      ,1
 025100 ,7      ,0
 025200 ,1      ,0
 025200 ,2      ,0
 025200 ,4      ,1
 025200 ,6      ,1
 025300 ,6      ,0
 025400 ,3      ,0
 025400 ,5      ,1
 025400 ,8      ,1
 025550 ,8      ,0
 025650 ,3      ,1
 025650 ,4      ,0
 025750 ,7      ,1
 026050 ,6      ,1
 026050 ,7      ,0
 026200 ,6      ,0
 026200 ,7      ,1
 026300 ,7      ,0
 026300 ,8      ,1
 026500 ,2      ,1
 026500 ,3      ,0
 026500 ,4      ,1
 026500 ,5      ,0
 026600 ,6      ,1
 026600 ,7      ,1
 026600 ,8      ,0
 027050 ,6      ,0
 027050 ,7      ,0
 027050 ,8      ,1
 027200 ,6      ,1
 027200 ,8      ,0
 027350 ,8      ,1
 027500 ,2      ,0
 027500 ,3      ,1
 027500 ,4      ,0
 027500 ,6      ,0
 027500 ,7      ,1
 027500 ,8      ,0
 027750 ,7      ,0
 027750 ,8      ,1
 028100 ,3      ,0
 028200 ,7      ,1
 028350 ,2      ,1
 028350 ,4      ,1
 028350 ,6      ,1
 028350 ,7      ,0
 028350 ,8      ,0
 028500 ,2      ,0
 028500 ,4      ,0
 028600 ,2      ,1
 028600 ,4      ,1
 028600 ,7      ,1
 028800 ,2      ,0
 028800 ,4      ,0
 028900 ,2      ,1
 028900 ,4      ,1
 028900 ,8      ,1
 029100 ,2      ,0
 029100 ,4      ,0
 029100 ,6      ,0
 029100 ,7      ,0
 029100 ,8      ,0
 029200 ,2      ,1
 029200 ,4      ,1
 029200 ,6      ,1
 029400 ,2      ,0
 029400 ,4      ,0
 029400 ,6      ,0
 029500 ,2      ,1
 029500 ,3      ,1
 029500 ,4      ,1
 029500 ,7      ,1
 029650 ,6      ,1
 029800 ,6      ,0
 029800 ,7      ,0
 029800 ,8      ,1
 030000 ,8      ,0
 030100 ,6      ,1
 030100 ,8      ,1
 030350 ,6      ,0
 030350 ,7      ,1
 030350 ,8      ,0
 030550 ,7      ,0
 030550 ,8      ,1
 030700 ,6      ,1
 030750 ,6      ,0
 030750 ,8      ,0
 030850 ,7      ,1
 030850 ,8      ,1
 030900 ,2      ,0
 030900 ,3      ,0
 030900 ,4      ,0
 031000 ,2      ,1
 031000 ,3      ,1
 031000 ,4      ,1
 031100 ,7      ,0
 031100 ,8      ,0
 031250 ,6      ,1
 031400 ,6      ,0
 031400 ,7      ,1
 031550 ,7      ,0
 031550 ,8      ,1
 031750 ,8      ,0
 031850 ,1      ,1
 031850 ,4      ,0
 031850 ,6      ,1
 031850 ,7      ,1
 031850 ,8      ,1
 032050 ,6      ,0
 032050 ,7      ,0
 032050 ,8      ,0
 032150 ,6      ,1
 032150 ,7      ,1
 032450 ,2      ,0
 032450 ,3      ,0
 032450 ,6      ,0
 032500 ,2      ,1
 032550 ,3      ,1
 032600 ,4      ,1
 032650 ,5      ,1
 032700 ,6      ,1
 032700 ,7      ,0
 032700 ,8      ,1
 033000 ,6      ,0
 033000 ,7      ,1
 033000 ,8      ,0
 033150 ,6      ,1
 033150 ,7      ,0
 033300 ,6      ,0
 033300 ,8      ,1
 033400 ,1      ,0
 033450 ,2      ,0
 033450 ,6      ,1
 033450 ,8      ,0
 033500 ,3      ,0
 033550 ,4      ,0
 033600 ,5      ,0
 033600 ,6      ,0
 033600 ,8      ,1
 033850 ,7      ,1
 033850 ,8      ,0
 034000 ,6      ,1
 034000 ,7      ,0
 034150 ,6      ,0
 034150 ,7      ,1
 034150 ,8      ,1
 034300 ,7      ,0
 034450 ,6      ,1
 034450 ,7      ,1
 034450 ,8      ,0
 034650 ,6      ,0
 034650 ,7      ,0
 034750 ,7      ,1
 034750 ,8      ,1
 034850 ,6      ,1
 034950 ,6      ,0
 034950 ,7      ,0
 034950 ,8      ,0
 035050 ,6      ,1
 035050 ,7      ,1
 035050 ,8      ,1
 035200 ,1      ,1
 035200 ,5      ,1
 035250 ,6      ,0
 035250 ,7      ,0
 035250 ,8      ,0
 035300 ,6      ,1
 035450 ,6      ,0
 035550 ,2      ,1
 035550 ,4      ,1
 035550 ,7      ,1
 035750 ,7      ,0
 035850 ,3      ,1
 035850 ,8      ,1
 036000 ,8      ,0
 036100 ,1      ,0
 036100 ,2      ,0
 036200 ,6      ,1
 036500 ,6      ,0
 036500 ,7      ,1
 036600 ,8      ,1
 037000 ,7      ,0
 037000 ,8      ,0
 037100 ,2      ,1
 037100 ,5      ,0
 037100 ,6      ,1
 037100 ,7      ,1
 037500 ,7      ,0
 037700 ,6      ,0
 037700 ,8      ,1
 037950 ,1      ,1
 037950 ,4      ,0
 037950 ,7      ,1
 037950 ,8      ,0
 038250 ,6      ,1
 038500 ,1      ,0
 038500 ,2      ,0
 038500 ,3      ,0
 038500 ,6      ,0
 038500 ,7      ,0
 038500 ,8      ,1
 038850 ,3      ,1
 038850 ,6      ,1
 038850 ,8      ,0
 039100 ,1      ,1
 039100 ,7      ,1
 039400 ,5      ,1
 039400 ,8      ,1
 039700 ,1      ,0
 039700 ,4      ,1
 039700 ,6      ,0
 039700 ,8      ,0
 040000 ,6      ,1
 040000 ,7      ,0
 040250 ,6      ,0
 040250 ,8      ,1
 040550 ,1      ,1
 040550 ,2      ,1
 040550 ,4      ,0
 040550 ,5      ,0
 040550 ,6      ,1
 040550 ,7      ,1
 040550 ,8      ,0
 040800 ,7      ,0
 040850 ,7      ,1
 040900 ,8      ,1
 041150 ,8      ,0
 041350 ,6      ,0
 041450 ,1      ,0
 041450 ,2      ,0
 041450 ,4      ,1
 041450 ,5      ,1
 041450 ,7      ,0
 041450 ,8      ,1
 041750 ,6      ,1
 041750 ,8      ,0
 041850 ,7      ,1
 042050 ,6      ,0
 042050 ,7      ,0
 042050 ,8      ,1
 042300 ,3      ,0
 042300 ,4      ,0
 042300 ,5      ,0
 042300 ,6      ,1
 042300 ,7      ,1
 042600 ,7      ,0
 042600 ,8      ,0
 042850 ,1      ,1
 042850 ,7      ,1
 043050 ,1      ,0
 043150 ,1      ,1
 043150 ,8      ,1
 043350 ,1      ,0
 043450 ,1      ,1
 043450 ,6      ,0
 043450 ,8      ,0
 043550 ,2      ,1
 043600 ,6      ,1
 043650 ,3      ,1
 043750 ,4      ,1
 043750 ,6      ,0
 043750 ,7      ,0
 043750 ,8      ,1
 043850 ,5      ,1
 043950 ,1      ,0
 043950 ,2      ,0
 043950 ,3      ,0
 043950 ,4      ,0
 043950 ,5      ,0
 044050 ,1      ,1
 044050 ,2      ,1
 044050 ,3      ,1
 044050 ,4      ,1
 044050 ,5      ,1
 044050 ,6      ,1
 044050 ,7      ,1
 044350 ,1      ,0
 044350 ,3      ,0
 044350 ,5      ,0
 044350 ,8      ,0
 044500 ,6      ,0
 044550 ,2      ,0
 044550 ,4      ,0
 044650 ,8      ,1
 044900 ,6      ,1
 045200 ,8      ,0
 045350 ,7      ,0
 045450 ,6      ,0
 045450 ,7      ,1
 045600 ,8      ,1
 045650 ,7      ,0
 045650 ,8      ,0
 045750 ,6      ,1
 045950 ,6      ,0
 046050 ,7      ,1
 046250 ,7      ,0
 046350 ,8      ,1
 046550 ,8      ,0
 046650 ,8      ,1
 046950 ,6      ,1
 046950 ,8      ,0
 047050 ,7      ,1
 047250 ,6      ,0
 047250 ,7      ,0
 047250 ,8      ,1
 047500 ,6      ,1
 047500 ,8      ,0
 047850 ,6      ,0
 047850 ,7      ,1
 048100 ,8      ,1
 048400 ,6      ,1
 048400 ,7      ,0
 048400 ,8      ,0
 048650 ,6      ,0
 048650 ,8      ,1
 048800 ,7      ,1
 049000 ,6      ,1
 049100 ,6      ,0
 049100 ,7      ,0
 049100 ,8      ,0
 049250 ,1      ,1
 049250 ,2      ,1
 049250 ,6      ,1
 049250 ,7      ,1
 049450 ,1      ,0
 049450 ,2      ,0
 049450 ,6      ,0
 049450 ,7      ,0
 049550 ,3      ,1
 049550 ,4      ,1
 049550 ,7      ,1
 049550 ,8      ,1
 049750 ,3      ,0
 049750 ,4      ,0
 049750 ,7      ,0
 049750 ,8      ,0
 049850 ,4      ,1
 049850 ,5      ,1
 049850 ,6      ,1
 049850 ,8      ,1
 050150 ,1      ,1
 050150 ,4      ,0
 050150 ,5      ,0
 050150 ,6      ,0
 050200 ,2      ,1
 050250 ,3      ,1
 050250 ,7      ,1
 050300 ,4      ,1
 050300 ,6      ,1
 050350 ,5      ,1
 050450 ,6      ,0
 050750 ,7      ,0
 051050 ,2      ,0
 051050 ,3      ,0
 051050 ,4      ,0
 051050 ,6      ,1
 051050 ,8      ,0
 051350 ,6      ,0
 051350 ,7      ,1
 051500 ,7      ,0
 051500 ,8      ,1
 051650 ,7      ,1
 051650 ,8      ,0
 051900 ,1      ,0
 051900 ,2      ,1
 051900 ,3      ,1
 051900 ,4      ,1
 051900 ,5      ,0
 051900 ,6      ,1
 051900 ,7      ,0
 052200 ,6      ,0
 052200 ,7      ,1
 052400 ,7      ,0
 052400 ,8      ,1
 052450 ,7      ,1
 052500 ,6      ,1
 052550 ,7      ,0
 052550 ,8      ,0
 052750 ,1      ,1
 052750 ,4      ,0
 052750 ,6      ,0
 052750 ,7      ,1
 053000 ,7      ,0
 053050 ,1      ,0
 053050 ,2      ,0
 053050 ,4      ,1
 053050 ,6      ,1
 053200 ,6      ,0
 053300 ,3      ,0
 053300 ,5      ,1
 053300 ,8      ,1
 053450 ,8      ,0
 053650 ,2      ,1
 053650 ,5      ,0
 053650 ,7      ,1
 053900 ,6      ,1
 053900 ,7      ,0
 054050 ,6      ,0
 054050 ,7      ,1
 054200 ,7      ,0
 054200 ,8      ,1
 054300 ,2      ,0
 054300 ,4      ,0
 054400 ,2      ,1
 054400 ,4      ,1
 054500 ,6      ,1
 054500 ,7      ,1
 054500 ,8      ,0
 054950 ,6      ,0
 054950 ,7      ,0
 054950 ,8      ,1
 055100 ,6      ,1
 055100 ,8      ,0
 055250 ,8      ,1
 055350 ,2      ,0
 055350 ,3      ,1
 055350 ,4      ,0
 055350 ,6      ,0
 055350 ,7      ,1
 055350 ,8      ,0
 055650 ,7      ,0
 055650 ,8      ,1
 055850 ,6      ,1
 055950 ,7      ,1
 056000 ,3      ,0
 056100 ,6      ,0
 056250 ,2      ,1
 056250 ,4      ,1
 056250 ,6      ,1
 056250 ,7      ,0
 056250 ,8      ,0
 056400 ,2      ,0
 056400 ,4      ,0
 056500 ,2      ,1
 056500 ,4      ,1
 056500 ,7      ,1
 056700 ,2      ,0
 056700 ,4      ,0
 056800 ,2      ,1
 056800 ,4      ,1
 056800 ,8      ,1
 057000 ,2      ,0
 057000 ,4      ,0
 057000 ,6      ,0
 057000 ,7      ,0
 057000 ,8      ,0
 057100 ,2      ,1
 057100 ,3      ,1
 057100 ,4      ,1
 057100 ,6      ,1
 057300 ,6      ,0
 057400 ,7      ,1
 057550 ,6      ,1
 057700 ,6      ,0
 057700 ,7      ,0
 057700 ,8      ,1
 057900 ,8      ,0
 058000 ,6      ,1
 058000 ,8      ,1
 058250 ,6      ,0
 058250 ,7      ,1
 058250 ,8      ,0
 058450 ,7      ,0
 058450 ,8      ,1
 058600 ,6      ,1
 058650 ,6      ,0
 058650 ,8      ,0
 058750 ,2      ,0
 058750 ,3      ,0
 058750 ,4      ,0
 058750 ,7      ,1
 058750 ,8      ,1
 058850 ,2      ,1
 058850 ,3      ,1
 058850 ,4      ,1
 059000 ,7      ,0
 059000 ,8      ,0
 059150 ,6      ,1
 059300 ,6      ,0
 059300 ,7      ,1
 059450 ,7      ,0
 059450 ,8      ,1
 059650 ,8      ,0
 059750 ,1      ,1
 059750 ,4      ,0
 059750 ,6      ,1
 059750 ,7      ,1
 059750 ,8      ,1
 059950 ,6      ,0
 059950 ,7      ,0
 059950 ,8      ,0
 060050 ,6      ,1
 060050 ,7      ,1
 060350 ,2      ,0
 060350 ,3      ,0
 060350 ,6      ,0
 060400 ,2      ,1
 060450 ,3      ,1
 060500 ,4      ,1
 060550 ,5      ,1
 060600 ,6      ,1
 060600 ,7      ,0
 060600 ,8      ,1
 060900 ,6      ,0
 060900 ,7      ,1
 060900 ,8      ,0
 061050 ,6      ,1
 061050 ,7      ,0
 061200 ,6      ,0
 061200 ,8      ,1
 061300 ,1      ,0
 061350 ,2      ,0
 061350 ,6      ,1
 061350 ,8      ,0
 061400 ,3      ,0
 061450 ,4      ,0
 061500 ,5      ,0
 061500 ,6      ,0
 061500 ,8      ,1
 061750 ,7      ,1
 061750 ,8      ,0
 061900 ,6      ,1
 061900 ,7      ,0
 062050 ,6      ,0
 062050 ,7      ,1
 062050 ,8      ,1
 062200 ,7      ,0
 062350 ,6      ,1
 062350 ,7      ,1
 062350 ,8      ,0
 062550 ,6      ,0
 062550 ,7      ,0
 062650 ,7      ,1
 062650 ,8      ,1
 062750 ,6      ,1
 062850 ,6      ,0
 062850 ,7      ,0
 062850 ,8      ,0
 062950 ,6      ,1
 062950 ,7      ,1
 062950 ,8      ,1
 063100 ,1      ,1
 063100 ,5      ,1
 063150 ,6      ,0
 063150 ,7      ,0
 063150 ,8      ,0
 063200 ,6      ,1
 063350 ,6      ,0
 063450 ,2      ,1
 063450 ,4      ,1
 063450 ,7      ,1
 063650 ,7      ,0
 063750 ,3      ,1
 063750 ,8      ,1
 063900 ,8      ,0
 064000 ,1      ,0
 064000 ,2      ,0
 064000 ,6      ,1
 064350 ,4      ,0
 064600 ,4      ,1
 064600 ,5      ,0
 064900 ,2      ,1
 065200 ,2      ,0
 065500 ,2      ,1
 065500 ,3      ,0
 065750 ,1      ,1
 065750 ,3      ,1
 065750 ,4      ,0
 065750 ,7      ,1
 066100 ,8      ,1
 066400 ,1      ,0
 066400 ,2      ,0
 066400 ,3      ,0
 066400 ,6      ,0
 066400 ,7      ,0
 066700 ,3      ,1
 066700 ,6      ,1
 066700 ,8      ,0
 066950 ,1      ,1
 066950 ,7      ,1
 067250 ,5      ,1
 067250 ,8      ,1
 067550 ,1      ,0
 067550 ,4      ,1
 067550 ,6      ,0
 067550 ,8      ,0
 067850 ,6      ,1
 067850 ,7      ,0
 068150 ,6      ,0
 068150 ,8      ,1
 068400 ,2      ,1
 068400 ,5      ,0
 068400 ,6      ,1
 068400 ,7      ,1
 068400 ,8      ,0
 068650 ,7      ,0
 068900 ,8      ,1
 068950 ,7      ,1
 069050 ,1      ,1
 069050 ,4      ,0
 069050 ,8      ,0
 069300 ,6      ,0
 069400 ,1      ,0
 069400 ,2      ,0
 069400 ,4      ,1
 069400 ,5      ,1
 069400 ,7      ,0
 069400 ,8      ,1
 069600 ,6      ,1
 069600 ,8      ,0
 069750 ,7      ,1
 069900 ,6      ,0
 069900 ,7      ,0
 069900 ,8      ,1
 070150 ,3      ,0
 070150 ,4      ,0
 070150 ,5      ,0
 070150 ,6      ,1
 070150 ,7      ,1
 070400 ,7      ,0
 070500 ,8      ,0
 070700 ,1      ,1
 070700 ,7      ,1
 070900 ,1      ,0
 071000 ,1      ,1
 071000 ,8      ,1
 071250 ,1      ,0
 071250 ,6      ,0
 071350 ,1      ,1
 071350 ,8      ,0
 071450 ,2      ,1
 071550 ,3      ,1
 071600 ,6      ,1
 071650 ,4      ,1
 071650 ,7      ,0
 071650 ,8      ,1
 071750 ,5      ,1
 071850 ,6      ,0
 071950 ,6      ,1
 071950 ,7      ,1
 072150 ,2      ,0
 072150 ,6      ,0
 072350 ,4      ,0
 072350 ,6      ,1
 072350 ,7      ,0
 072350 ,8      ,0
 072450 ,1      ,0
 072450 ,7      ,1
 072550 ,3      ,0
 072550 ,6      ,0
 072550 ,7      ,0
 072550 ,8      ,1
 072750 ,6      ,1
 072750 ,7      ,1
 073000 ,5      ,0
 073100 ,8      ,0
 073250 ,7      ,0
 073350 ,6      ,0
 073350 ,7      ,1
 073450 ,4      ,1
 073500 ,8      ,1
 073550 ,7      ,0
 073550 ,8      ,0
 073650 ,6      ,1
 073750 ,4      ,0
 073750 ,6      ,0
 073850 ,4      ,1
 073850 ,7      ,1
 074000 ,4      ,0
 074000 ,7      ,0
 074100 ,4      ,1
 074100 ,8      ,1
 074350 ,4      ,0
 074350 ,8      ,0
 074500 ,5      ,1
 074500 ,8      ,1
 074800 ,4      ,1
 074800 ,5      ,0
 074800 ,6      ,1
 075050 ,3      ,1
 075050 ,4      ,0
 075050 ,7      ,1
 075350 ,3      ,0
 075350 ,4      ,1
 075350 ,7      ,0
 075350 ,8      ,0
 075650 ,3      ,1
 075650 ,4      ,0
 075650 ,7      ,1
 075950 ,2      ,1
 075950 ,3      ,0
 075950 ,6      ,0
 075950 ,8      ,1
 076200 ,2      ,0
 076200 ,3      ,1
 076200 ,6      ,1
 076200 ,7      ,0
 076200 ,8      ,0
 076350 ,6      ,0
 076350 ,7      ,1
 076550 ,2      ,1
 076550 ,3      ,0
 076550 ,8      ,1
 076850 ,1      ,1
 076850 ,2      ,0
 076850 ,6      ,1
 077000 ,1      ,0
 077000 ,6      ,0
 077000 ,7      ,0
 077000 ,8      ,0
 077150 ,3      ,1
 077150 ,6      ,1
 077350 ,3      ,0
 077350 ,7      ,1
 077450 ,2      ,1
 077450 ,3      ,1
 077450 ,4      ,1
 077650 ,2      ,0
 077650 ,3      ,0
 077650 ,4      ,0
 077650 ,8      ,1
 077750 ,1      ,1
 077750 ,2      ,1
 077750 ,3      ,1
 077750 ,4      ,1
 077750 ,5      ,1
 077850 ,1      ,0
 077850 ,2      ,0
 077850 ,3      ,0
 077850 ,4      ,0
 077850 ,5      ,0
 077850 ,6      ,0
 077850 ,7      ,0
 077850 ,8      ,0
 077950 ,1      ,1
 077950 ,2      ,1
 077950 ,3      ,1
 077950 ,4      ,1
 077950 ,5      ,1
 077950 ,6      ,1
 077950 ,7      ,1
 077950 ,8      ,1
 078250 ,4      ,0
 078250 ,5      ,0
 078250 ,6      ,0
 078500 ,3      ,0
 078500 ,7      ,0
 078850 ,2      ,0
 078850 ,6      ,1
 078850 ,8      ,0
 079050 ,5      ,1
 079050 ,7      ,1
 079250 ,4      ,1
 079250 ,8      ,1
 079400 ,3      ,1
 079400 ,8      ,0
 079750 ,2      ,1
 079750 ,6      ,0
 079750 ,8      ,1
 080000 ,1      ,0
 080000 ,2      ,0
 080000 ,7      ,0
 080150 ,3      ,0
 080150 ,7      ,1
 080150 ,8      ,0
 080300 ,4      ,0
 080300 ,5      ,0
 080300 ,7      ,0
 080300 ,8      ,1
 080450 ,7      ,1
 080450 ,8      ,0
 080600 ,3      ,1
 080600 ,6      ,1
 080600 ,7      ,0
 080700 ,3      ,0
 080800 ,3      ,1
 080800 ,6      ,0
 080800 ,7      ,1
 081050 ,3      ,0
 081150 ,3      ,1
 081150 ,7      ,0
 081150 ,8      ,1
 081400 ,3      ,0
 081500 ,6      ,1
 081500 ,8      ,0
 081750 ,6      ,0
 081750 ,7      ,1
 082000 ,7      ,0
 082000 ,8      ,1
 082300 ,6      ,1
 082300 ,7      ,1
 082600 ,6      ,0
 082600 ,8      ,0
 082750 ,7      ,0
 082750 ,8      ,1
 082900 ,7      ,1
 082900 ,8      ,0
 083050 ,6      ,1
 083050 ,7      ,0
 083200 ,6      ,0
 083200 ,7      ,1
 083200 ,8      ,1
 083500 ,6      ,1
 083500 ,7      ,0
 083500 ,8      ,0
 083600 ,7      ,1
 083750 ,6      ,0
 083750 ,7      ,0
 083750 ,8      ,1
 083900 ,8      ,0
 084050 ,6      ,1
 084050 ,7      ,1
 084050 ,8      ,1
 084250 ,6      ,0
 084250 ,7      ,0
 084250 ,8      ,0
 084350 ,1      ,1
 084350 ,2      ,1
 084350 ,6      ,1
 084350 ,7      ,1
 084350 ,8      ,1
 084550 ,1      ,0
 084550 ,2      ,0
 084550 ,6      ,0
 084550 ,7      ,0
 084550 ,8      ,0
 084650 ,3      ,1
 084650 ,4      ,1
 084650 ,5      ,1
 084650 ,6      ,1
 084650 ,7      ,1
 084650 ,8      ,1
 084800 ,3      ,0
 084800 ,4      ,0
 084800 ,5      ,0
 084800 ,6      ,0
 084800 ,7      ,0
 084800 ,8      ,0
 084900 ,1      ,1
 084900 ,3      ,1
 084900 ,5      ,1
 084900 ,7      ,1
 085350 ,6      ,1
 085500 ,7      ,0
 085500 ,8      ,1
 085700 ,1      ,0
 085700 ,3      ,0
 085700 ,5      ,0
 085800 ,1      ,1
 085800 ,3      ,1
 085800 ,5      ,1
 085800 ,6      ,0
 085800 ,7      ,1
 085800 ,8      ,0
 086100 ,7      ,0
 086100 ,8      ,1
 086250 ,7      ,1
 086400 ,6      ,1
 086400 ,7      ,0
 086400 ,8      ,0
 086600 ,1      ,0
 086600 ,3      ,0
 086600 ,5      ,0
 086700 ,1      ,1
 086700 ,3      ,1
 086700 ,5      ,1
 086700 ,6      ,0
 086700 ,7      ,1
 086700 ,8      ,1
 086950 ,7      ,0
 087100 ,6      ,1
 087100 ,8      ,0
 087250 ,1      ,0
 087250 ,3      ,0
 087250 ,5      ,0
 087250 ,6      ,0
 087400 ,4      ,1
 087400 ,5      ,1
 087500 ,4      ,0
 087500 ,5      ,0
 087550 ,4      ,1
 087550 ,5      ,1
 087550 ,6      ,1
 087800 ,3      ,1
 087800 ,6      ,0
 087800 ,7      ,1
 088150 ,1      ,1
 088150 ,2      ,1
 088150 ,7      ,0
 088150 ,8      ,1
 088350 ,1      ,0
 088350 ,2      ,0
 088350 ,3      ,0
 088350 ,4      ,0
 088350 ,5      ,0
 088350 ,8      ,0
 088450 ,1      ,1
 088450 ,6      ,1
 088500 ,2      ,1
 088500 ,7      ,1
 088550 ,3      ,1
 088550 ,8      ,1
 088600 ,4      ,1
 088650 ,5      ,1
 088800 ,1      ,0
 088850 ,2      ,0
 088900 ,3      ,0
 088900 ,6      ,0
 088950 ,4      ,0
 089000 ,5      ,0
 089000 ,8      ,0
 089100 ,1      ,1
 089150 ,2      ,1
 089200 ,3      ,1
 089250 ,4      ,1
 089300 ,5      ,1
 089300 ,6      ,1
 089300 ,7      ,0
 089500 ,1      ,0
 089500 ,2      ,0
 089500 ,3      ,0
 089500 ,4      ,0
 089500 ,5      ,0
 089550 ,6      ,0
 089550 ,7      ,1
 089700 ,7      ,0
 089700 ,8      ,1
 089900 ,7      ,1
 089900 ,8      ,0
 090150 ,6      ,1
 090150 ,7      ,0
 090150 ,8      ,1
 090450 ,8      ,0
 090600 ,6      ,0
 090600 ,7      ,1
 090750 ,7      ,0
 090750 ,8      ,1
 090950 ,8      ,0
 091050 ,1      ,1
 091050 ,2      ,1
 091050 ,6      ,1
 091200 ,1      ,0
 091200 ,2      ,0
 091200 ,6      ,0
 091300 ,3      ,1
 091300 ,4      ,1
 091300 ,7      ,1
 091450 ,3      ,0
 091450 ,4      ,0
 091450 ,7      ,0
 091500 ,4      ,1
 091500 ,5      ,1
 091500 ,8      ,1
 091650 ,4      ,0
 091650 ,5      ,0
 091650 ,8      ,0
 091700 ,5      ,1
 091750 ,4      ,1
 091800 ,3      ,1
 091800 ,5      ,0
 091850 ,2      ,1
 091850 ,4      ,0
 091900 ,1      ,1
 091900 ,4      ,1
 091900 ,5      ,1
 091900 ,6      ,1
 091900 ,7      ,1
 091900 ,8      ,1
 092450 ,1      ,0
 092450 ,3      ,0
 092450 ,5      ,0
 092450 ,6      ,0
 092450 ,8      ,0
 092800 ,1      ,1
 092800 ,2      ,0
 092800 ,3      ,1
 092800 ,4      ,0
 092800 ,5      ,1
 092800 ,6      ,1
 092800 ,7      ,0
 092800 ,8      ,1
 093050 ,6      ,0
 093050 ,7      ,1
 093300 ,8      ,0
 093400 ,6      ,1
 093400 ,7      ,0
 093650 ,1      ,0
 093650 ,2      ,1
 093650 ,3      ,0
 093650 ,4      ,1
 093650 ,5      ,0
 093650 ,6      ,0
 093650 ,7      ,1
 093950 ,7      ,0
 093950 ,8      ,1
 094100 ,7      ,1
 094250 ,6      ,1
 094250 ,7      ,0
 094450 ,2      ,0
 094450 ,4      ,0
 094450 ,6      ,0
 094450 ,8      ,0
 094550 ,1      ,1
 094550 ,7      ,1
 094550 ,8      ,1
 094700 ,7      ,0
 094700 ,8      ,0
 094800 ,1      ,0
 094800 ,3      ,1
 094800 ,6      ,1
 094800 ,8      ,1
 094950 ,6      ,0
 094950 ,8      ,0
 095050 ,3      ,0
 095050 ,5      ,1
 095050 ,6      ,1
 095050 ,7      ,1
 095300 ,5      ,0
 095300 ,6      ,0
 095300 ,7      ,0
 095400 ,1      ,1
 095400 ,6      ,1
 095400 ,7      ,1
 095400 ,8      ,1
 095500 ,2      ,1
 095600 ,1      ,0
 095600 ,3      ,1
 095700 ,2      ,0
 095700 ,4      ,1
 095700 ,6      ,0
 095700 ,8      ,0
 095800 ,3      ,0
 095800 ,5      ,1
 095850 ,6      ,1
 095850 ,7      ,0
 095900 ,2      ,1
 095900 ,4      ,0
 095950 ,6      ,0
 095950 ,8      ,1
 096000 ,3      ,1
 096000 ,5      ,0
 096100 ,2      ,0
 096100 ,4      ,1
 096150 ,8      ,0
 096200 ,3      ,0
 096200 ,5      ,1
 096300 ,1      ,1
 096300 ,4      ,0
 096300 ,6      ,1
 096300 ,7      ,1
 096300 ,8      ,1
 096400 ,2      ,1
 096400 ,5      ,0
 096500 ,1      ,0
 096500 ,3      ,1
 096550 ,6      ,0
 096550 ,8      ,0
 096600 ,2      ,0
 096600 ,4      ,1
 096700 ,3      ,0
 096700 ,5      ,1
 096800 ,4      ,0
 096850 ,2      ,1
 096850 ,7      ,0
 096850 ,8      ,1
 096900 ,3      ,1
 096900 ,5      ,0
 096950 ,4      ,1
 097050 ,2      ,0
 097050 ,6      ,1
 097050 ,8      ,0
 097100 ,3      ,0
 097150 ,1      ,1
 097150 ,2      ,1
 097150 ,3      ,1
 097150 ,4      ,0
 097150 ,7      ,1
 097150 ,8      ,1
 097450 ,1      ,0
 097450 ,2      ,0
 097450 ,4      ,1
 097450 ,5      ,1
 097450 ,6      ,0
 097450 ,7      ,0
 097550 ,6      ,1
 097700 ,6      ,0
 097700 ,7      ,1
 097850 ,3      ,0
 097850 ,4      ,0
 097850 ,5      ,0
 097850 ,6      ,1
 098050 ,3      ,1
 098050 ,6      ,0
 098050 ,8      ,0
 098200 ,7      ,0
 098300 ,2      ,1
 098300 ,3      ,0
 098300 ,4      ,1
 098300 ,6      ,1
 098450 ,6      ,0
 098550 ,1      ,1
 098550 ,2      ,0
 098550 ,4      ,0
 098550 ,5      ,1
 098550 ,8      ,1
 098700 ,8      ,0
 098850 ,2      ,1
 098850 ,3      ,1
 098850 ,4      ,1
 098850 ,6      ,1
 099650 ,6      ,0
 099750 ,1      ,0
 099750 ,5      ,0
 099750 ,6      ,1
 099900 ,6      ,0
 100000 ,6      ,1
 100250 ,6      ,0
 100350 ,6      ,1
 100550 ,2      ,0
 100550 ,4      ,0
 101050 ,3      ,0
 101050 ,6      ,0
 101150 ,3      ,1
 101150 ,7      ,1
 101350 ,3      ,0
 101450 ,3      ,1
 101450 ,6      ,1
 101700 ,3      ,0
 101800 ,3      ,1
 101800 ,6      ,0
 101800 ,8      ,1
 102350 ,3      ,0
 102450 ,4      ,1
 102450 ,5      ,1
 102450 ,7      ,0
 102600 ,4      ,0
 102600 ,5      ,0
 102600 ,6      ,1
 102600 ,7      ,1
 102600 ,8      ,0
 102850 ,6      ,0
 102850 ,7      ,0
 102850 ,8      ,1
 103150 ,4      ,1
 103150 ,5      ,1
 103150 ,7      ,1
 103150 ,8      ,0
 103300 ,4      ,0
 103300 ,5      ,0
 103300 ,7      ,0
 103400 ,2      ,1
 103400 ,3      ,1
 103400 ,4      ,1
 103400 ,5      ,1
 103400 ,6      ,1
 103650 ,2      ,0
 103650 ,3      ,0
 103650 ,4      ,0
 103650 ,5      ,0
 103650 ,6      ,0
 103650 ,8      ,1
 103700 ,7      ,1
 103750 ,1      ,1
 103750 ,2      ,1
 103750 ,3      ,1
 103750 ,4      ,1
 103750 ,5      ,1
 103750 ,6      ,1
 104100 ,1      ,0
 104100 ,6      ,0
 104100 ,7      ,0
 104150 ,2      ,0
 104200 ,3      ,0
 104250 ,4      ,0
 104250 ,7      ,1
 104250 ,8      ,0
 104300 ,5      ,0
 104350 ,6      ,1
 104350 ,7      ,0
 104650 ,8      ,1
 104950 ,1      ,1
 104950 ,3      ,1
 104950 ,6      ,0
 104950 ,7      ,1
 104950 ,8      ,0
 105100 ,1      ,0
 105100 ,2      ,1
 105100 ,3      ,0
 105100 ,4      ,1
 105100 ,6      ,1
 105100 ,7      ,0
 105550 ,2      ,0
 105550 ,3      ,1
 105550 ,4      ,0
 105550 ,5      ,1
 105550 ,6      ,0
 105550 ,8      ,1
 105750 ,3      ,0
 105800 ,4      ,1
 105800 ,7      ,1
 105850 ,3      ,1
 105850 ,6      ,1
 105900 ,2      ,1
 105950 ,1      ,1
 106000 ,6      ,0
 106100 ,6      ,1
 106100 ,7      ,0
 106100 ,8      ,0
 106450 ,6      ,0
 106450 ,7      ,1
 106750 ,6      ,1
 106750 ,7      ,0
 106750 ,8      ,1
 107000 ,6      ,0
 107000 ,7      ,1
 107000 ,8      ,0
 107200 ,8      ,1
 107300 ,1      ,0
 107300 ,6      ,1
 107300 ,7      ,0
 107300 ,8      ,0
 107400 ,2      ,0
 107500 ,3      ,0
 107600 ,4      ,0
 107600 ,6      ,0
 107600 ,7      ,1
 107700 ,5      ,0
 107800 ,7      ,0
 107800 ,8      ,1
 107900 ,7      ,1
 107900 ,8      ,0
 108150 ,6      ,1
 108150 ,7      ,0
 108450 ,4      ,1
 108450 ,5      ,1
 108450 ,6      ,0
 108450 ,8      ,1
 108700 ,1      ,1
 108700 ,2      ,1
 108700 ,4      ,0
 108700 ,5      ,0
 108700 ,6      ,1
 108700 ,8      ,0
 109000 ,1      ,0
 109000 ,3      ,1
 109000 ,4      ,1
 109000 ,6      ,0
 109000 ,7      ,1
 109300 ,2      ,0
 109300 ,3      ,0
 109300 ,5      ,1
 109300 ,7      ,0
 109300 ,8      ,1
 109450 ,7      ,1
 109450 ,8      ,0
 109600 ,4      ,0
 109600 ,5      ,0
 109600 ,6      ,1
 109600 ,7      ,0
 109850 ,6      ,0
 109850 ,7      ,1
 109850 ,8      ,1
 110150 ,4      ,1
 110150 ,5      ,1
 110150 ,6      ,1
 110150 ,7      ,0
 110150 ,8      ,0
 110400 ,4      ,0
 110400 ,5      ,0
 110400 ,6      ,0
 110400 ,7      ,1
 110600 ,6      ,1
 110600 ,7      ,0
 110600 ,8      ,1
 110750 ,6      ,0
 110750 ,7      ,1
 110750 ,8      ,0
 110900 ,6      ,1
 110900 ,7      ,0
 110900 ,8      ,1
 111050 ,6      ,0
 111050 ,7      ,1
 111200 ,6      ,1
 111200 ,7      ,0
 111200 ,8      ,0
 111350 ,6      ,0
 111350 ,7      ,1
 111350 ,8      ,1
 111600 ,6      ,1
 111600 ,7      ,0
 111800 ,6      ,0
 111800 ,8      ,0
 111900 ,1      ,1
 111900 ,3      ,1
 111900 ,5      ,1
 111900 ,8      ,1
 111950 ,7      ,1
 112000 ,6      ,1
 112150 ,1      ,0
 112150 ,2      ,1
 112150 ,3      ,0
 112150 ,4      ,1
 112150 ,5      ,0
 112150 ,6      ,0
 112450 ,1      ,1
 112450 ,2      ,0
 112450 ,3      ,1
 112450 ,4      ,0
 112450 ,5      ,1
 112500 ,7      ,0
 112800 ,1      ,0
 112800 ,3      ,0
 112850 ,4      ,1
 112850 ,7      ,1
 112900 ,3      ,1
 112900 ,6      ,1
 112950 ,2      ,1
 113000 ,1      ,1
 113050 ,6      ,0
 113350 ,7      ,0
 113650 ,2      ,0
 113650 ,3      ,0
 113650 ,4      ,0
 113650 ,6      ,1
 113650 ,8      ,0
 113950 ,6      ,0
 113950 ,7      ,1
 114100 ,7      ,0
 114100 ,8      ,1
 114250 ,7      ,1
 114250 ,8      ,0
 114500 ,1      ,0
 114500 ,2      ,1
 114500 ,3      ,1
 114500 ,4      ,1
 114500 ,5      ,0
 114500 ,6      ,1
 114500 ,7      ,0
 114850 ,6      ,0
 114850 ,7      ,1
 115000 ,7      ,0
 115000 ,8      ,1
 115050 ,7      ,1
 115100 ,6      ,1
 115150 ,7      ,0
 115150 ,8      ,0
 115400 ,1      ,1
 115400 ,4      ,0
 115400 ,6      ,0
 115400 ,7      ,1
 115600 ,7      ,0
 115700 ,1      ,0
 115700 ,2      ,0
 115700 ,4      ,1
 115700 ,6      ,1
 115800 ,6      ,0
 115900 ,3      ,0
 115900 ,5      ,1
 115900 ,8      ,1
 116050 ,8      ,0
 116150 ,3      ,1
 116150 ,4      ,0
 116250 ,7      ,1
 116550 ,6      ,1
 116550 ,7      ,0
 116700 ,6      ,0
 116700 ,7      ,1
 116800 ,7      ,0
 116800 ,8      ,1
 117000 ,2      ,1
 117000 ,3      ,0
 117000 ,4      ,1
 117000 ,5      ,0
 117100 ,6      ,1
 117100 ,7      ,1
 117100 ,8      ,0
 117550 ,6      ,0
 117550 ,7      ,0
 117550 ,8      ,1
 117700 ,6      ,1
 117700 ,8      ,0
 117850 ,8      ,1
 118000 ,2      ,0
 118000 ,3      ,1
 118000 ,4      ,0
 118000 ,6      ,0
 118000 ,7      ,1
 118000 ,8      ,0
 118300 ,7      ,0
 118300 ,8      ,1
 118450 ,3      ,0
 118550 ,3      ,1
 118700 ,7      ,1
 118750 ,3      ,0
 118900 ,2      ,1
 118900 ,4      ,1
 118900 ,6      ,1
 118900 ,7      ,0
 118900 ,8      ,0
 119050 ,2      ,0
 119050 ,4      ,0
 119150 ,2      ,1
 119150 ,4      ,1
 119150 ,7      ,1
 119350 ,2      ,0
 119350 ,4      ,0
 119450 ,2      ,1
 119450 ,4      ,1
 119450 ,8      ,1
 119650 ,2      ,0
 119650 ,4      ,0
 119650 ,6      ,0
 119650 ,7      ,0
 119650 ,8      ,0
 119750 ,2      ,1
 119750 ,4      ,1
 119750 ,6      ,1
 119950 ,2      ,0
 119950 ,4      ,0
 119950 ,6      ,0
 120050 ,2      ,1
 120050 ,3      ,1
 120050 ,4      ,1
 120050 ,7      ,1
 120200 ,6      ,1
 120350 ,6      ,0
 120350 ,7      ,0
 120350 ,8      ,1
 120550 ,8      ,0
 120650 ,6      ,1
 120650 ,8      ,1
 120900 ,6      ,0
 120900 ,7      ,1
 120900 ,8      ,0
 121100 ,7      ,0
 121100 ,8      ,1
 121250 ,6      ,1
 121300 ,6      ,0
 121300 ,8      ,0
 121400 ,7      ,1
 121400 ,8      ,1
 121450 ,2      ,0
 121450 ,3      ,0
 121450 ,4      ,0
 121550 ,2      ,1
 121550 ,3      ,1
 121550 ,4      ,1
 121650 ,7      ,0
 121650 ,8      ,0
 121800 ,6      ,1
 121950 ,6      ,0
 121950 ,7      ,1
 122100 ,7      ,0
 122100 ,8      ,1
 122300 ,8      ,0
 122400 ,1      ,1
 122400 ,4      ,0
 122400 ,6      ,1
 122400 ,7      ,1
 122400 ,8      ,1
 122600 ,6      ,0
 122600 ,7      ,0
 122600 ,8      ,0
 122700 ,6      ,1
 122700 ,7      ,1
 123000 ,2      ,0
 123000 ,3      ,0
 123000 ,6      ,0
 123050 ,2      ,1
 123100 ,3      ,1
 123150 ,4      ,1
 123200 ,5      ,1
 123250 ,6      ,1
 123250 ,7      ,0
 123250 ,8      ,1
 123550 ,6      ,0
 123550 ,7      ,1
 123550 ,8      ,0
 123700 ,6      ,1
 123700 ,7      ,0
 123850 ,6      ,0
 123850 ,8      ,1
 123950 ,1      ,0
 124000 ,2      ,0
 124000 ,6      ,1
 124000 ,8      ,0
 124050 ,3      ,0
 124100 ,4      ,0
 124150 ,5      ,0
 124150 ,6      ,0
 124150 ,8      ,1
 124400 ,7      ,1
 124400 ,8      ,0
 124550 ,6      ,1
 124550 ,7      ,0
 124700 ,6      ,0
 124700 ,7      ,1
 124700 ,8      ,1
 124850 ,7      ,0
 125000 ,6      ,1
 125000 ,7      ,1
 125000 ,8      ,0
 125200 ,6      ,0
 125200 ,7      ,0
 125300 ,7      ,1
 125300 ,8      ,1
 125400 ,6      ,1
 125500 ,6      ,0
 125500 ,7      ,0
 125500 ,8      ,0
 125600 ,6      ,1
 125600 ,7      ,1
 125600 ,8      ,1
 125750 ,1      ,1
 125750 ,5      ,1
 125800 ,6      ,0
 125800 ,7      ,0
 125800 ,8      ,0
 125850 ,6      ,1
 126000 ,6      ,0
 126100 ,2      ,1
 126100 ,4      ,1
 126100 ,7      ,1
 126300 ,7      ,0
 126400 ,3      ,1
 126400 ,8      ,1
 126550 ,8      ,0
 126650 ,1      ,0
 126650 ,2      ,0
 126750 ,6      ,1
 127050 ,6      ,0
 127050 ,7      ,1
 127150 ,8      ,1
 127550 ,7      ,0
 127550 ,8      ,0
 127650 ,2      ,1
 127650 ,5      ,0
 127650 ,6      ,1
 127650 ,7      ,1
 128050 ,7      ,0
 128250 ,6      ,0
 128250 ,8      ,1
 128500 ,1      ,1
 128500 ,4      ,0
 128500 ,7      ,1
 128500 ,8      ,0
 128800 ,6      ,1
 129050 ,1      ,0
 129050 ,2      ,0
 129050 ,3      ,0
 129050 ,6      ,0
 129050 ,7      ,0
 129050 ,8      ,1
 129400 ,3      ,1
 129400 ,6      ,1
 129400 ,8      ,0
 129650 ,1      ,1
 129650 ,7      ,1
 129950 ,5      ,1
 129950 ,8      ,1
 130250 ,1      ,0
 130250 ,4      ,1
 130250 ,6      ,0
 130250 ,8      ,0
 130550 ,2      ,1
 130550 ,5      ,0
 130550 ,6      ,1
 130550 ,7      ,0
 130800 ,6      ,0
 130800 ,8      ,1
 131100 ,1      ,1
 131100 ,4      ,0
 131100 ,6      ,1
 131100 ,7      ,1
 131100 ,8      ,0
 131350 ,7      ,0
 131400 ,7      ,1
 131450 ,8      ,1
 131700 ,4      ,1
 131700 ,5      ,1
 131700 ,8      ,0
 131900 ,6      ,0
 132000 ,1      ,0
 132000 ,2      ,0
 132000 ,7      ,0
 132000 ,8      ,1
 132300 ,6      ,1
 132300 ,8      ,0
 132400 ,7      ,1
 132600 ,6      ,0
 132600 ,7      ,0
 132600 ,8      ,1
 132850 ,3      ,0
 132850 ,4      ,0
 132850 ,5      ,0
 132850 ,6      ,1
 132850 ,7      ,1
 133150 ,7      ,0
 133150 ,8      ,0
 133400 ,1      ,1
 133400 ,7      ,1
 133600 ,1      ,0
 133700 ,1      ,1
 133700 ,8      ,1
 133800 ,2      ,1
 133900 ,3      ,1
 134000 ,4      ,1
 134000 ,6      ,0
 134000 ,8      ,0
 134100 ,5      ,1
 134150 ,6      ,1
 134300 ,6      ,0
 134300 ,7      ,0
 134300 ,8      ,1
 134500 ,1      ,0
 134500 ,2      ,0
 134500 ,3      ,0
 134500 ,4      ,0
 134500 ,5      ,0
 134600 ,1      ,1
 134600 ,2      ,1
 134600 ,3      ,1
 134600 ,4      ,1
 134600 ,5      ,1
 134600 ,6      ,1
 134600 ,7      ,1
 134750 ,1      ,0
 134850 ,2      ,0
 134900 ,3      ,0
 134900 ,8      ,0
 135000 ,4      ,0
 135050 ,6      ,0
 135100 ,5      ,0
 135200 ,8      ,1
 135450 ,6      ,1
 135750 ,8      ,0
 135900 ,7      ,0
 136000 ,6      ,0
 136000 ,7      ,1
 136150 ,8      ,1
 136200 ,7      ,0
 136200 ,8      ,0
 136300 ,6      ,1
 136500 ,6      ,0
 136600 ,7      ,1
 136800 ,7      ,0
 136900 ,8      ,1
 137100 ,8      ,0
 137200 ,8      ,1
 137500 ,6      ,1
 137500 ,8      ,0
 137600 ,7      ,1
 137800 ,6      ,0
 137800 ,7      ,0
 137800 ,8      ,1
 138050 ,6      ,1
 138050 ,8      ,0
 138400 ,6      ,0
 138400 ,7      ,1
 138650 ,8      ,1
 138950 ,6      ,1
 138950 ,7      ,0
 138950 ,8      ,0
 139200 ,6      ,0
 139200 ,8      ,1
 139350 ,7      ,1
 139550 ,6      ,1
 139650 ,6      ,0
 139650 ,7      ,0
 139650 ,8      ,0
 139800 ,1      ,1
 139800 ,2      ,1
 139800 ,6      ,1
 139800 ,7      ,1
 140000 ,1      ,0
 140000 ,2      ,0
 140000 ,6      ,0
 140000 ,7      ,0
 140100 ,3      ,1
 140100 ,4      ,1
 140100 ,7      ,1
 140100 ,8      ,1
 140300 ,3      ,0
 140300 ,4      ,0
 140300 ,7      ,0
 140300 ,8      ,0
 140400 ,4      ,1
 140400 ,5      ,1
 140400 ,6      ,1
 140400 ,8      ,1
 140700 ,1      ,1
 140700 ,4      ,0
 140700 ,5      ,0
 140700 ,6      ,0
 140750 ,2      ,1
 140800 ,3      ,1
 140800 ,7      ,1
 140850 ,4      ,1
 140850 ,6      ,1
 140900 ,5      ,1
 141000 ,6      ,0
 141300 ,7      ,0
 141600 ,2      ,0
 141600 ,3      ,0
 141600 ,4      ,0
 141600 ,6      ,1
 141600 ,8      ,0
 141900 ,6      ,0
 141900 ,7      ,1
 142050 ,7      ,0
 142050 ,8      ,1
 142200 ,7      ,1
 142200 ,8      ,0
 142450 ,1      ,0
 142450 ,2      ,1
 142450 ,3      ,1
 142450 ,4      ,1
 142450 ,5      ,0
 142450 ,6      ,1
 142450 ,7      ,0
 142750 ,6      ,0
 142750 ,7      ,1
 142950 ,7      ,0
 142950 ,8      ,1
 143000 ,7      ,1
 143050 ,6      ,1
 143100 ,7      ,0
 143100 ,8      ,0
 143300 ,1      ,1
 143300 ,4      ,0
 143300 ,6      ,0
 143300 ,7      ,1
 143550 ,7      ,0
 143600 ,1      ,0
 143600 ,2      ,0
 143600 ,4      ,1
 143600 ,6      ,1
 143750 ,6      ,0
 143850 ,3      ,0
 143850 ,5      ,1
 143850 ,8      ,1
 144000 ,8      ,0
 144200 ,2      ,1
 144200 ,5      ,0
 144200 ,7      ,1
 144450 ,6      ,1
 144450 ,7      ,0
 144600 ,6      ,0
 144600 ,7      ,1
 144750 ,7      ,0
 144750 ,8      ,1
 144850 ,2      ,0
 144850 ,4      ,0
 144950 ,2      ,1
 144950 ,4      ,1
 145050 ,6      ,1
 145050 ,7      ,1
 145050 ,8      ,0
 145500 ,6      ,0
 145500 ,7      ,0
 145500 ,8      ,1
 145650 ,6      ,1
 145650 ,8      ,0
 145800 ,8      ,1
 145900 ,2      ,0
 145900 ,3      ,1
 145900 ,4      ,0
 145900 ,6      ,0
 145900 ,7      ,1
 145900 ,8      ,0
 146200 ,7      ,0
 146200 ,8      ,1
 146400 ,6      ,1
 146500 ,7      ,1
 146550 ,3      ,0
 146650 ,6      ,0
 146800 ,2      ,1
 146800 ,4      ,1
 146800 ,6      ,1
 146800 ,7      ,0
 146800 ,8      ,0
 146950 ,2      ,0
 146950 ,4      ,0
 147050 ,2      ,1
 147050 ,4      ,1
 147050 ,7      ,1
 147250 ,2      ,0
 147250 ,4      ,0
 147350 ,2      ,1
 147350 ,4      ,1
 147350 ,8      ,1
 147550 ,2      ,0
 147550 ,4      ,0
 147550 ,6      ,0
 147550 ,7      ,0
 147550 ,8      ,0
 147650 ,2      ,1
 147650 ,3      ,1
 147650 ,4      ,1
 147650 ,6      ,1
 147850 ,6      ,0
 147950 ,7      ,1
 148100 ,6      ,1
 148250 ,6      ,0
 148250 ,7      ,0
 148250 ,8      ,1
 148450 ,8      ,0
 148550 ,6      ,1
 148550 ,8      ,1
 148800 ,6      ,0
 148800 ,7      ,1
 148800 ,8      ,0
 149000 ,7      ,0
 149000 ,8      ,1
 149150 ,6      ,1
 149200 ,6      ,0
 149200 ,8      ,0
 149300 ,2      ,0
 149300 ,3      ,0
 149300 ,4      ,0
 149300 ,7      ,1
 149300 ,8      ,1
 149400 ,2      ,1
 149400 ,3      ,1
 149400 ,4      ,1
 149550 ,7      ,0
 149550 ,8      ,0
 149700 ,6      ,1
 149850 ,6      ,0
 149850 ,7      ,1
 150000 ,7      ,0
 150000 ,8      ,1
 150200 ,8      ,0
 150300 ,1      ,1
 150300 ,4      ,0
 150300 ,6      ,1
 150300 ,7      ,1
 150300 ,8      ,1
 150500 ,6      ,0
 150500 ,7      ,0
 150500 ,8      ,0
 150600 ,6      ,1
 150600 ,7      ,1
 150900 ,2      ,0
 150900 ,3      ,0
 150900 ,6      ,0
 150950 ,2      ,1
 151000 ,3      ,1
 151050 ,4      ,1
 151100 ,5      ,1
 151150 ,6      ,1
 151150 ,7      ,0
 151150 ,8      ,1
 151450 ,6      ,0
 151450 ,7      ,1
 151450 ,8      ,0
 151600 ,6      ,1
 151600 ,7      ,0
 151750 ,6      ,0
 151750 ,8      ,1
 151850 ,1      ,0
 151900 ,2      ,0
 151900 ,6      ,1
 151900 ,8      ,0
 151950 ,3      ,0
 152000 ,4      ,0
 152050 ,5      ,0
 152050 ,6      ,0
 152050 ,8      ,1
 152300 ,7      ,1
 152300 ,8      ,0
 152450 ,6      ,1
 152450 ,7      ,0
 152600 ,6      ,0
 152600 ,7      ,1
 152600 ,8      ,1
 152750 ,7      ,0
 152900 ,6      ,1
 152900 ,7      ,1
 152900 ,8      ,0
 153100 ,6      ,0
 153100 ,7      ,0
 153200 ,7      ,1
 153200 ,8      ,1
 153300 ,6      ,1
 153400 ,6      ,0
 153400 ,7      ,0
 153400 ,8      ,0
 153500 ,6      ,1
 153500 ,7      ,1
 153500 ,8      ,1
 153650 ,1      ,1
 153650 ,5      ,1
 153700 ,6      ,0
 153700 ,7      ,0
 153700 ,8      ,0
 153750 ,6      ,1
 153900 ,6      ,0
 154000 ,2      ,1
 154000 ,4      ,1
 154000 ,7      ,1
 154200 ,7      ,0
 154300 ,3      ,1
 154300 ,8      ,1
 154450 ,8      ,0
 154550 ,1      ,0
 154550 ,2      ,0
 154550 ,6      ,1
 154900 ,4      ,0
 155150 ,4      ,1
 155150 ,5      ,0
 155450 ,2      ,1
 155750 ,2      ,0
 156050 ,2      ,1
 156050 ,3      ,0
 156300 ,1      ,1
 156300 ,3      ,1
 156300 ,4      ,0
 156300 ,7      ,1
 156650 ,8      ,1
 156950 ,1      ,0
 156950 ,2      ,0
 156950 ,3      ,0
 156950 ,6      ,0
 156950 ,7      ,0
 157250 ,3      ,1
 157250 ,6      ,1
 157250 ,8      ,0
 157500 ,1      ,1
 157500 ,7      ,1
 157800 ,5      ,1
 157800 ,8      ,1
 158100 ,1      ,0
 158100 ,4      ,1
 158100 ,6      ,0
 158100 ,8      ,0
 158400 ,6      ,1
 158400 ,7      ,0
 158700 ,6      ,0
 158700 ,8      ,1
 158950 ,2      ,1
 158950 ,5      ,0
 158950 ,6      ,1
 158950 ,7      ,1
 158950 ,8      ,0
 159200 ,7      ,0
 159450 ,8      ,1
 159500 ,7      ,1
 159600 ,1      ,1
 159600 ,4      ,0
 159600 ,8      ,0
 159850 ,6      ,0
 159950 ,1      ,0
 159950 ,2      ,0
 159950 ,4      ,1
 159950 ,5      ,1
 159950 ,7      ,0
 159950 ,8      ,1
 160150 ,6      ,1
 160150 ,8      ,0
 160300 ,3      ,0
 160300 ,4      ,0
 160300 ,5      ,0
 160300 ,7      ,1
 160450 ,6      ,0
 160450 ,7      ,0
 160450 ,8      ,1
 160700 ,3      ,1
 160700 ,6      ,1
 160700 ,7      ,1
 160850 ,3      ,0
 160950 ,3      ,1
 160950 ,7      ,0
 161050 ,3      ,0
 161050 ,8      ,0
 161100 ,3      ,1
 161200 ,3      ,0
 161250 ,3      ,1
 161250 ,7      ,1
 161450 ,3      ,0
 161550 ,2      ,1
 161550 ,4      ,1
 161550 ,8      ,1
 161800 ,2      ,0
 161800 ,4      ,0
 161800 ,6      ,0
 161900 ,1      ,1
 161900 ,8      ,0
 162000 ,2      ,1
 162100 ,3      ,1
 162150 ,6      ,1
 162200 ,4      ,1
 162200 ,7      ,0
 162200 ,8      ,1
 162300 ,5      ,1
 162400 ,1      ,0
 162400 ,2      ,0
 162400 ,3      ,0
 162400 ,4      ,0
 162400 ,5      ,0
 162400 ,6      ,0
 162500 ,1      ,1
 162500 ,2      ,1
 162500 ,3      ,1
 162500 ,4      ,1
 162500 ,5      ,1
 162500 ,6      ,1
 162500 ,7      ,1
 162700 ,6      ,0
 162900 ,6      ,1
 162900 ,7      ,0
 162900 ,8      ,0
 163000 ,1      ,0
 163000 ,2      ,0
 163000 ,3      ,0
 163000 ,4      ,0
 163000 ,5      ,0
 163000 ,7      ,1
 163100 ,3      ,1
 163100 ,6      ,0
 163100 ,7      ,0
 163100 ,8      ,1
 163150 ,2      ,1
 163150 ,4      ,1
 163200 ,1      ,1
 163200 ,5      ,1
 163250 ,3      ,0
 163300 ,6      ,1
 163300 ,7      ,1
 163350 ,2      ,0
 163350 ,4      ,0
 163650 ,1      ,0
 163650 ,5      ,0
 163650 ,8      ,0
 163800 ,7      ,0
 163850 ,4      ,1
 163900 ,6      ,0
 163900 ,7      ,1
 163950 ,4      ,0
 164000 ,4      ,1
 164050 ,8      ,1
 164100 ,7      ,0
 164100 ,8      ,0
 164200 ,6      ,1
 164300 ,4      ,0
 164300 ,6      ,0
 164400 ,4      ,1
 164400 ,7      ,1
 164550 ,4      ,0
 164550 ,7      ,0
 164650 ,4      ,1
 164650 ,8      ,1
 164900 ,4      ,0
 164900 ,8      ,0
 165050 ,5      ,1
 165050 ,8      ,1
 165350 ,4      ,1
 165350 ,5      ,0
 165350 ,6      ,1
 165600 ,3      ,1
 165600 ,4      ,0
 165600 ,7      ,1
 165900 ,3      ,0
 165900 ,4      ,1
 165900 ,7      ,0
 165900 ,8      ,0
 166200 ,3      ,1
 166200 ,4      ,0
 166200 ,7      ,1
 166500 ,2      ,1
 166500 ,3      ,0
 166500 ,6      ,0
 166500 ,8      ,1
 166750 ,2      ,0
 166750 ,3      ,1
 166750 ,6      ,1
 166750 ,7      ,0
 166750 ,8      ,0
 166900 ,6      ,0
 166900 ,7      ,1
 167100 ,2      ,1
 167100 ,3      ,0
 167100 ,8      ,1
 167400 ,1      ,1
 167400 ,2      ,0
 167400 ,6      ,1
 167550 ,1      ,0
 167550 ,6      ,0
 167550 ,7      ,0
 167550 ,8      ,0
 167700 ,3      ,1
 167700 ,6      ,1
 167900 ,3      ,0
 167900 ,7      ,1
 168000 ,2      ,1
 168000 ,3      ,1
 168000 ,4      ,1
 168200 ,2      ,0
 168200 ,3      ,0
 168200 ,4      ,0
 168200 ,8      ,1
 168300 ,1      ,1
 168300 ,2      ,1
 168300 ,3      ,1
 168300 ,4      ,1
 168300 ,5      ,1
 168400 ,1      ,0
 168400 ,2      ,0
 168400 ,3      ,0
 168400 ,4      ,0
 168400 ,5      ,0
 168400 ,6      ,0
 168400 ,7      ,0
 168400 ,8      ,0
 168500 ,1      ,1
 168500 ,2      ,1
 168500 ,3      ,1
 168500 ,4      ,1
 168500 ,5      ,1
 168500 ,6      ,1
 168500 ,7      ,1
 168500 ,8      ,1
 168800 ,4      ,0
 168800 ,5      ,0
 168800 ,6      ,0
 169050 ,3      ,0
 169050 ,7      ,0
 169400 ,2      ,0
 169400 ,6      ,1
 169400 ,8      ,0
 169600 ,5      ,1
 169600 ,7      ,1
 169800 ,4      ,1
 169800 ,8      ,1
 169950 ,3      ,1
 169950 ,8      ,0
 170300 ,2      ,1
 170300 ,6      ,0
 170300 ,8      ,1
 170550 ,1      ,0
 170550 ,2      ,0
 170550 ,7      ,0
 170700 ,3      ,0
 170700 ,7      ,1
 170700 ,8      ,0
 170850 ,4      ,0
 170850 ,5      ,0
 170850 ,7      ,0
 170850 ,8      ,1
 171000 ,7      ,1
 171000 ,8      ,0
 171150 ,3      ,1
 171150 ,6      ,1
 171150 ,7      ,0
 171250 ,3      ,0
 171350 ,3      ,1
 171350 ,6      ,0
 171350 ,7      ,1
 171600 ,3      ,0
 171700 ,3      ,1
 171700 ,7      ,0
 171700 ,8      ,1
 171950 ,3      ,0
 172050 ,6      ,1
 172050 ,8      ,0
 172300 ,6      ,0
 172300 ,7      ,1
 172550 ,7      ,0
 172550 ,8      ,1
 172850 ,6      ,1
 172850 ,7      ,1
 173150 ,6      ,0
 173150 ,8      ,0
 173300 ,7      ,0
 173300 ,8      ,1
 173450 ,7      ,1
 173450 ,8      ,0
 173600 ,6      ,1
 173600 ,7      ,0
 173750 ,6      ,0
 173750 ,7      ,1
 173750 ,8      ,1
 174050 ,6      ,1
 174050 ,7      ,0
 174050 ,8      ,0
 174150 ,7      ,1
 174300 ,6      ,0
 174300 ,7      ,0
 174300 ,8      ,1
 174450 ,7      ,1
 174450 ,8      ,0
 174600 ,1      ,1
 174600 ,2      ,1
 174600 ,6      ,1
 174600 ,8      ,1
 174800 ,1      ,0
 174800 ,2      ,0
 174800 ,6      ,0
 174800 ,7      ,0
 174800 ,8      ,0
 174900 ,2      ,1
 174900 ,3      ,1
 174900 ,4      ,1
 174900 ,6      ,1
 174900 ,7      ,1
 174900 ,8      ,1
 175100 ,2      ,0
 175100 ,3      ,0
 175100 ,4      ,0
 175100 ,6      ,0
 175100 ,7      ,0
 175100 ,8      ,0
 175200 ,3      ,1
 175200 ,4      ,1
 175200 ,5      ,1
 175200 ,6      ,1
 175200 ,7      ,1
 175200 ,8      ,1
 175350 ,3      ,0
 175350 ,4      ,0
 175350 ,5      ,0
 175350 ,6      ,0
 175350 ,7      ,0
 175350 ,8      ,0
 175450 ,1      ,1
 175450 ,3      ,1
 175450 ,5      ,1
 175450 ,7      ,1
 175900 ,6      ,1
 176050 ,7      ,0
 176050 ,8      ,1
 176250 ,1      ,0
 176250 ,3      ,0
 176250 ,5      ,0
 176350 ,1      ,1
 176350 ,3      ,1
 176350 ,5      ,1
 176350 ,6      ,0
 176350 ,7      ,1
 176350 ,8      ,0
 176650 ,7      ,0
 176650 ,8      ,1
 176800 ,7      ,1
 176950 ,6      ,1
 176950 ,7      ,0
 176950 ,8      ,0
 177150 ,1      ,0
 177150 ,3      ,0
 177150 ,5      ,0
 177250 ,1      ,1
 177250 ,3      ,1
 177250 ,5      ,1
 177250 ,6      ,0
 177250 ,7      ,1
 177250 ,8      ,1
 177500 ,7      ,0
 177650 ,6      ,1
 177650 ,8      ,0
 177800 ,1      ,0
 177800 ,3      ,0
 177800 ,5      ,0
 177800 ,6      ,0
 177950 ,4      ,1
 177950 ,5      ,1
 178050 ,4      ,0
 178050 ,5      ,0
 178100 ,4      ,1
 178100 ,5      ,1
 178100 ,6      ,1
 178350 ,3      ,1
 178350 ,6      ,0
 178350 ,7      ,1
 178700 ,1      ,1
 178700 ,2      ,1
 178700 ,7      ,0
 178700 ,8      ,1
 178900 ,1      ,0
 178900 ,2      ,0
 178900 ,3      ,0
 178900 ,4      ,0
 178900 ,5      ,0
 178900 ,8      ,0
 179000 ,1      ,1
 179000 ,6      ,1
 179050 ,2      ,1
 179050 ,7      ,1
 179100 ,3      ,1
 179100 ,8      ,1
 179150 ,4      ,1
 179200 ,5      ,1
 179350 ,1      ,0
 179400 ,2      ,0
 179450 ,3      ,0
 179450 ,6      ,0
 179500 ,4      ,0
 179550 ,5      ,0
 179550 ,8      ,0
 179650 ,1      ,1
 179700 ,2      ,1
 179750 ,3      ,1
 179800 ,4      ,1
 179850 ,5      ,1
 179850 ,6      ,1
 179850 ,7      ,0
 180050 ,1      ,0
 180050 ,2      ,0
 180050 ,3      ,0
 180050 ,4      ,0
 180050 ,5      ,0
 180100 ,6      ,0
 180100 ,7      ,1
 180250 ,7      ,0
 180250 ,8      ,1
 180450 ,7      ,1
 180450 ,8      ,0
 180700 ,6      ,1
 180700 ,7      ,0
 180700 ,8      ,1
 181000 ,8      ,0
 181150 ,6      ,0
 181150 ,7      ,1
 181300 ,7      ,0
 181300 ,8      ,1
 181500 ,8      ,0
 181600 ,1      ,1
 181600 ,2      ,1
 181600 ,6      ,1
 181750 ,1      ,0
 181750 ,2      ,0
 181750 ,6      ,0
 181850 ,3      ,1
 181850 ,4      ,1
 181850 ,7      ,1
 182000 ,3      ,0
 182000 ,4      ,0
 182000 ,7      ,0
 182050 ,4      ,1
 182050 ,5      ,1
 182050 ,8      ,1
 182200 ,4      ,0
 182200 ,5      ,0
 182200 ,8      ,0
 182250 ,5      ,1
 182300 ,4      ,1
 182350 ,3      ,1
 182350 ,5      ,0
 182400 ,2      ,1
 182400 ,4      ,0
 182450 ,1      ,1
 182450 ,4      ,1
 182450 ,5      ,1
 182450 ,6      ,1
 182450 ,7      ,1
 182450 ,8      ,1
 183000 ,1      ,0
 183000 ,3      ,0
 183000 ,5      ,0
 183000 ,6      ,0
 183000 ,8      ,0
 183350 ,1      ,1
 183350 ,2      ,0
 183350 ,3      ,1
 183350 ,4      ,0
 183350 ,5      ,1
 183350 ,6      ,1
 183350 ,7      ,0
 183350 ,8      ,1
 183600 ,6      ,0
 183600 ,7      ,1
 183850 ,8      ,0
 183950 ,6      ,1
 183950 ,7      ,0
 184200 ,1      ,0
 184200 ,2      ,1
 184200 ,3      ,0
 184200 ,4      ,1
 184200 ,5      ,0
 184200 ,6      ,0
 184200 ,7      ,1
 184500 ,7      ,0
 184500 ,8      ,1
 184650 ,7      ,1
 184800 ,6      ,1
 184800 ,7      ,0
 185000 ,2      ,0
 185000 ,4      ,0
 185000 ,6      ,0
 185000 ,8      ,0
 185100 ,1      ,1
 185100 ,7      ,1
 185100 ,8      ,1
 185250 ,7      ,0
 185250 ,8      ,0
 185350 ,1      ,0
 185350 ,3      ,1
 185350 ,6      ,1
 185350 ,8      ,1
 185500 ,6      ,0
 185500 ,8      ,0
 185600 ,3      ,0
 185600 ,5      ,1
 185600 ,6      ,1
 185600 ,7      ,1
 185850 ,5      ,0
 185850 ,6      ,0
 185850 ,7      ,0
 185950 ,1      ,1
 185950 ,6      ,1
 185950 ,7      ,1
 185950 ,8      ,1
 186050 ,2      ,1
 186150 ,1      ,0
 186150 ,3      ,1
 186250 ,2      ,0
 186250 ,4      ,1
 186250 ,6      ,0
 186250 ,8      ,0
 186350 ,3      ,0
 186350 ,5      ,1
 186400 ,6      ,1
 186400 ,7      ,0
 186450 ,2      ,1
 186450 ,4      ,0
 186500 ,6      ,0
 186500 ,8      ,1
 186550 ,3      ,1
 186550 ,5      ,0
 186650 ,2      ,0
 186650 ,4      ,1
 186700 ,8      ,0
 186750 ,3      ,0
 186750 ,5      ,1
 186850 ,1      ,1
 186850 ,4      ,0
 186850 ,6      ,1
 186850 ,7      ,1
 186850 ,8      ,1
 186950 ,2      ,1
 186950 ,5      ,0
 187050 ,1      ,0
 187050 ,3      ,1
 187100 ,6      ,0
 187100 ,8      ,0
 187150 ,2      ,0
 187150 ,4      ,1
 187250 ,3      ,0
 187250 ,5      ,1
 187350 ,4      ,0
 187400 ,2      ,1
 187400 ,7      ,0
 187400 ,8      ,1
 187450 ,3      ,1
 187450 ,5      ,0
 187500 ,4      ,1
 187600 ,2      ,0
 187600 ,6      ,1
 187600 ,8      ,0
 187650 ,3      ,0
 187700 ,1      ,1
 187700 ,2      ,1
 187700 ,3      ,1
 187700 ,4      ,0
 187700 ,7      ,1
 187700 ,8      ,1
 188000 ,1      ,0
 188000 ,2      ,0
 188000 ,4      ,1
 188000 ,5      ,1
 188000 ,6      ,0
 188000 ,7      ,0
 188100 ,6      ,1
 188250 ,6      ,0
 188250 ,7      ,1
 188400 ,3      ,0
 188400 ,4      ,0
 188400 ,5      ,0
 188400 ,6      ,1
 188600 ,3      ,1
 188600 ,6      ,0
 188600 ,8      ,0
 188750 ,7      ,0
 188850 ,2      ,1
 188850 ,3      ,0
 188850 ,4      ,1
 188850 ,6      ,1
 189000 ,6      ,0
 189100 ,1      ,1
 189100 ,2      ,0
 189100 ,4      ,0
 189100 ,5      ,1
 189100 ,8      ,1
 189250 ,8      ,0
 189400 ,2      ,1
 189400 ,3      ,1
 189400 ,4      ,1
 189400 ,6      ,1
 190200 ,6      ,0
 190300 ,1      ,0
 190300 ,5      ,0
 190300 ,6      ,1
 190450 ,6      ,0
 190550 ,6      ,1
 190800 ,6      ,0
 190900 ,6      ,1
 191100 ,2      ,0
 191100 ,4      ,0
 191600 ,3      ,0
 191600 ,6      ,0
 191700 ,3      ,1
 191700 ,7      ,1
 191900 ,3      ,0
 192000 ,3      ,1
 192000 ,6      ,1
 192250 ,3      ,0
 192350 ,3      ,1
 192350 ,6      ,0
 192350 ,8      ,1
 192900 ,3      ,0
 193000 ,4      ,1
 193000 ,5      ,1
 193000 ,7      ,0
 193150 ,4      ,0
 193150 ,5      ,0
 193150 ,6      ,1
 193150 ,7      ,1
 193150 ,8      ,0
 193400 ,6      ,0
 193400 ,7      ,0
 193400 ,8      ,1
 193700 ,4      ,1
 193700 ,5      ,1
 193700 ,7      ,1
 193700 ,8      ,0
 193850 ,4      ,0
 193850 ,5      ,0
 193850 ,7      ,0
 193950 ,2      ,1
 193950 ,3      ,1
 193950 ,4      ,1
 193950 ,5      ,1
 193950 ,6      ,1
 194200 ,2      ,0
 194200 ,3      ,0
 194200 ,4      ,0
 194200 ,5      ,0
 194200 ,6      ,0
 194200 ,8      ,1
 194250 ,7      ,1
 194300 ,1      ,1
 194300 ,2      ,1
 194300 ,3      ,1
 194300 ,4      ,1
 194300 ,5      ,1
 194300 ,6      ,1
 194650 ,1      ,0
 194650 ,6      ,0
 194650 ,7      ,0
 194700 ,2      ,0
 194750 ,3      ,0
 194800 ,4      ,0
 194800 ,7      ,1
 194800 ,8      ,0
 194850 ,5      ,0
 194900 ,6      ,1
 194900 ,7      ,0
 195200 ,8      ,1
 195500 ,1      ,1
 195500 ,3      ,1
 195500 ,6      ,0
 195500 ,7      ,1
 195500 ,8      ,0
 195650 ,1      ,0
 195650 ,2      ,1
 195650 ,3      ,0
 195650 ,4      ,1
 195650 ,6      ,1
 195650 ,7      ,0
 196100 ,2      ,0
 196100 ,3      ,1
 196100 ,4      ,0
 196100 ,5      ,1
 196100 ,6      ,0
 196100 ,8      ,1
 196300 ,3      ,0
 196350 ,4      ,1
 196350 ,7      ,1
 196400 ,3      ,1
 196400 ,6      ,1
 196450 ,2      ,1
 196500 ,1      ,1
 196550 ,6      ,0
 196650 ,6      ,1
 196650 ,7      ,0
 196650 ,8      ,0
 197000 ,6      ,0
 197000 ,7      ,1
 197300 ,6      ,1
 197300 ,7      ,0
 197300 ,8      ,1
 197550 ,6      ,0
 197550 ,7      ,1
 197550 ,8      ,0
 197750 ,8      ,1
 197850 ,1      ,0
 197850 ,6      ,1
 197850 ,7      ,0
 197850 ,8      ,0
 197950 ,2      ,0
 198050 ,3      ,0
 198150 ,4      ,0
 198150 ,6      ,0
 198150 ,7      ,1
 198250 ,5      ,0
 198350 ,7      ,0
 198350 ,8      ,1
 198450 ,7      ,1
 198450 ,8      ,0
 198700 ,6      ,1
 198700 ,7      ,0
 199000 ,4      ,1
 199000 ,5      ,1
 199000 ,6      ,0
 199000 ,8      ,1
 199250 ,1      ,1
 199250 ,2      ,1
 199250 ,4      ,0
 199250 ,5      ,0
 199250 ,6      ,1
 199250 ,8      ,0
 199550 ,1      ,0
 199550 ,3      ,1
 199550 ,4      ,1
 199550 ,6      ,0
 199550 ,7      ,1
 199850 ,2      ,0
 199850 ,3      ,0
 199850 ,5      ,1
 199850 ,7      ,0
 199850 ,8      ,1
 200000 ,7      ,1
 200000 ,8      ,0
 200150 ,4      ,0
 200150 ,5      ,0
 200150 ,6      ,1
 200150 ,7      ,0
 200400 ,6      ,0
 200400 ,7      ,1
 200400 ,8      ,1
 200700 ,4      ,1
 200700 ,5      ,1
 200700 ,6      ,1
 200700 ,7      ,0
 200700 ,8      ,0
 200950 ,4      ,0
 200950 ,5      ,0
 200950 ,6      ,0
 200950 ,8      ,1
 201250 ,6      ,1
 201250 ,8      ,0
 201500 ,6      ,0
 201500 ,7      ,1
 201500 ,8      ,1
 201800 ,6      ,1
 201800 ,7      ,0
 201800 ,8      ,0
 202100 ,6      ,0
 202100 ,7      ,1
 202400 ,6      ,1
 202400 ,7      ,0
 202400 ,8      ,1
 202650 ,6      ,0
 202650 ,7      ,1
 202650 ,8      ,0
 203000 ,7      ,0
 203000 ,8      ,1
 203250 ,3      ,1
 203250 ,6      ,1
 203250 ,8      ,0
 203600 ,3      ,0
 203600 ,6      ,0
 203600 ,7      ,1
 203600 ,8      ,1
 203850 ,3      ,1
 203850 ,6      ,1
 203850 ,7      ,0
 203850 ,8      ,0
 204000 ,3      ,0
 204200 ,3      ,1
 204200 ,6      ,0
 204200 ,8      ,1
 204350 ,3      ,0
 204450 ,3      ,1
 204450 ,7      ,1
 204450 ,8      ,0
 204750 ,2      ,1
 204750 ,3      ,0
 204750 ,6      ,1
 204750 ,7      ,0
 205000 ,1      ,1
 205000 ,2      ,0
 205000 ,6      ,0
 205000 ,7      ,1
 205250 ,1      ,0
 205250 ,7      ,0
 205250 ,8      ,1
 205600 ,2      ,1
 205600 ,6      ,1
 205600 ,8      ,0
 205850 ,7      ,1
 205900 ,2      ,0
 205900 ,6      ,0
 205900 ,8      ,1
 206150 ,7      ,0
 206450 ,6      ,1
 206450 ,8      ,0
 206750 ,3      ,1
 206750 ,4      ,1
 206750 ,6      ,0
 206750 ,7      ,1
 206750 ,8      ,1
 207050 ,6      ,1
 207050 ,7      ,0
 207050 ,8      ,0
 207200 ,3      ,0
 207200 ,4      ,0
 207300 ,3      ,1
 207300 ,4      ,1
 207300 ,6      ,0
 207300 ,7      ,1
 207650 ,2      ,1
 207650 ,4      ,0
 207650 ,6      ,1
 207650 ,7      ,0
 207650 ,8      ,1
 207900 ,6      ,0
 207900 ,7      ,1
 207900 ,8      ,0
 208200 ,7      ,0
 208200 ,8      ,1
 208450 ,2      ,0
 208450 ,3      ,0
 208450 ,4      ,1
 208450 ,5      ,1
 208450 ,6      ,1
 208450 ,8      ,0
 208800 ,6      ,0
 208800 ,7      ,1
 208800 ,8      ,1
 209050 ,6      ,1
 209050 ,7      ,0
 209050 ,8      ,0
 209150 ,4      ,0
 209150 ,5      ,0
 209350 ,6      ,0
 209350 ,8      ,1
 209650 ,7      ,1
 209650 ,8      ,0
 209950 ,6      ,1
 209950 ,7      ,0
 210200 ,6      ,0
 210200 ,7      ,1
 210450 ,7      ,0
 210450 ,8      ,1
 210800 ,6      ,1
 210800 ,8      ,0
 211050 ,7      ,1
 211100 ,6      ,0
 211100 ,8      ,1
 211350 ,7      ,0
 211650 ,6      ,1
 211650 ,8      ,0
 211900 ,6      ,0
 211900 ,7      ,1
 211900 ,8      ,1
 212200 ,6      ,1
 212200 ,7      ,0
 212200 ,8      ,0
 212500 ,6      ,0
 212500 ,7      ,1
 212850 ,6      ,1
 212850 ,7      ,0
 212850 ,8      ,1
 213100 ,6      ,0
 213100 ,7      ,1
 213100 ,8      ,0
 213400 ,7      ,0
 213400 ,8      ,1
 213700 ,6      ,1
 213700 ,8      ,0
 214000 ,6      ,0
 214000 ,7      ,1
 214000 ,8      ,1
 214300 ,6      ,1
 214300 ,7      ,0
 214300 ,8      ,0
 214600 ,6      ,0
 214600 ,8      ,1
 214900 ,7      ,1
 214900 ,8      ,0
 215200 ,6      ,1
 215200 ,7      ,0
 215450 ,6      ,0
 215450 ,7      ,1
 215800 ,7      ,0
 215800 ,8      ,1
 216050 ,6      ,1
 216050 ,8      ,0
 216250 ,7      ,1
 216300 ,6      ,0
 216300 ,8      ,1
 216600 ,6      ,1
 216600 ,7      ,0
 216600 ,8      ,0
 216900 ,6      ,0
 216900 ,7      ,1
 216900 ,8      ,1
 217200 ,6      ,1
 217200 ,7      ,0
 217200 ,8      ,0
 217450 ,6      ,0
 217450 ,8      ,1
 217750 ,6      ,1
 217750 ,8      ,0
 218050 ,6      ,0
 218050 ,7      ,1
 218050 ,8      ,1
 218350 ,6      ,1
 218350 ,7      ,0
 218350 ,8      ,0
 218600 ,6      ,0
 218600 ,8      ,1
 218950 ,6      ,1
 218950 ,8      ,0
 219200 ,6      ,0
 219200 ,7      ,1
 219200 ,8      ,1
 219500 ,6      ,1
 219500 ,7      ,0
 219500 ,8      ,0
 219850 ,6      ,0
 219850 ,8      ,1
 220050 ,6      ,1
 220050 ,8      ,0
 220350 ,6      ,0
 220350 ,7      ,1
 220350 ,8      ,1
 220700 ,6      ,1
 220700 ,7      ,0
 220700 ,8      ,0
 221000 ,6      ,0
 221000 ,7      ,1
 221250 ,6      ,1
 221250 ,7      ,0
 221250 ,8      ,1
 221550 ,6      ,0
 221550 ,7      ,1
 221550 ,8      ,0
 221850 ,7      ,0
 221850 ,8      ,1
 222100 ,6      ,1
 222100 ,8      ,0
 222400 ,6      ,0
 222400 ,7      ,1
 222400 ,8      ,1
 222700 ,6      ,1
 222700 ,7      ,0
 222700 ,8      ,0
 223000 ,6      ,0
 223000 ,7      ,1
 223000 ,8      ,1
 223300 ,6      ,1
 223300 ,7      ,0
 223300 ,8      ,0
 223550 ,6      ,0
 223550 ,8      ,1
 223850 ,6      ,1
 223850 ,8      ,0
 224150 ,1      ,1
 224150 ,2      ,1
 224150 ,3      ,1
 224150 ,4      ,1
 224150 ,5      ,1
 224150 ,7      ,1
 224150 ,8      ,1
 224700 ,1      ,0
 224700 ,3      ,0
 224700 ,5      ,0
 225050 ,1      ,1
 225050 ,2      ,0
 225050 ,3      ,1
 225050 ,4      ,0
 225050 ,5      ,1
 225050 ,7      ,0
 225900 ,1      ,0
 225900 ,2      ,1
 225900 ,3      ,0
 225900 ,4      ,1
 225900 ,5      ,0
 225900 ,6      ,0
 225900 ,7      ,1
 225900 ,8      ,0
 226700 ,2      ,0
 226700 ,4      ,0
 226700 ,7      ,0
 226800 ,1      ,1
 226800 ,7      ,1
 226800 ,8      ,1
 226950 ,7      ,0
 226950 ,8      ,0
 227050 ,1      ,0
 227050 ,3      ,1
 227050 ,6      ,1
 227050 ,8      ,1
 227200 ,6      ,0
 227200 ,8      ,0
 227300 ,3      ,0
 227300 ,5      ,1
 227300 ,6      ,1
 227300 ,7      ,1
 227550 ,5      ,0
 227550 ,6      ,0
 227550 ,7      ,0
 227650 ,1      ,1
 227650 ,6      ,1
 227650 ,7      ,1
 227650 ,8      ,1
 227750 ,2      ,1
 227850 ,1      ,0
 227850 ,3      ,1
 227950 ,2      ,0
 227950 ,4      ,1
 227950 ,6      ,0
 227950 ,8      ,0
 228050 ,3      ,0
 228050 ,5      ,1
 228100 ,6      ,1
 228100 ,7      ,0
 228150 ,2      ,1
 228150 ,4      ,0
 228200 ,6      ,0
 228200 ,8      ,1
 228250 ,3      ,1
 228250 ,5      ,0
 228350 ,2      ,0
 228350 ,4      ,1
 228400 ,8      ,0
 228450 ,3      ,0
 228450 ,5      ,1
 228550 ,1      ,1
 228550 ,4      ,0
 228550 ,6      ,1
 228550 ,7      ,1
 228550 ,8      ,1
 228650 ,2      ,1
 228650 ,5      ,0
 228750 ,1      ,0
 228750 ,3      ,1
 228800 ,6      ,0
 228800 ,8      ,0
 228850 ,2      ,0
 228850 ,4      ,1
 228950 ,3      ,0
 228950 ,5      ,1
 229050 ,4      ,0
 229100 ,2      ,1
 229100 ,7      ,0
 229100 ,8      ,1
 229150 ,3      ,1
 229150 ,5      ,0
 229200 ,4      ,1
 229300 ,2      ,0
 229300 ,6      ,1
 229300 ,8      ,0
 229350 ,3      ,0
 229400 ,1      ,1
 229400 ,2      ,1
 229400 ,3      ,1
 229400 ,4      ,0
 229400 ,7      ,1
 229400 ,8      ,1
 229700 ,1      ,0
 229700 ,2      ,0
 229700 ,4      ,1
 229700 ,5      ,1
 229700 ,6      ,0
 229700 ,7      ,0
 229800 ,6      ,1
 229950 ,6      ,0
 229950 ,7      ,1
 230100 ,3      ,0
 230100 ,4      ,0
 230100 ,5      ,0
 230100 ,6      ,1
 230300 ,3      ,1
 230300 ,6      ,0
 230300 ,8      ,0
 230450 ,7      ,0
 230550 ,2      ,1
 230550 ,3      ,0
 230550 ,4      ,1
 230550 ,6      ,1
 230700 ,6      ,0
 230800 ,1      ,1
 230800 ,2      ,0
 230800 ,4      ,0
 230800 ,5      ,1
 230800 ,8      ,1
 230950 ,8      ,0
 231100 ,2      ,1
 231100 ,3      ,1
 231100 ,4      ,1
 231100 ,6      ,1
 231900 ,6      ,0
 232000 ,1      ,0
 232000 ,5      ,0
 232000 ,6      ,1
 232000 ,8      ,1
 232750 ,6      ,0
 232750 ,8      ,0
 232850 ,2      ,0
 232850 ,4      ,0
 232850 ,6      ,1
 232850 ,7      ,1
 232850 ,8      ,1
 233300 ,3      ,0
 233300 ,6      ,0
 233300 ,7      ,0
 233300 ,8      ,0
 233400 ,7      ,1
 233700 ,3      ,1
 233700 ,6      ,1
 233950 ,3      ,0
 234050 ,3      ,1
 234050 ,6      ,0
 234050 ,8      ,1
 234150 ,3      ,0
 234200 ,3      ,1
 234600 ,3      ,0
 234700 ,4      ,1
 234700 ,5      ,1
 234700 ,7      ,0
 234850 ,4      ,0
 234850 ,5      ,0
 234850 ,6      ,1
 234850 ,7      ,1
 234850 ,8      ,0
 235100 ,6      ,0
 235100 ,7      ,0
 235100 ,8      ,1
 235500 ,2      ,1
 235500 ,3      ,1
 235500 ,4      ,1
 235500 ,5      ,1
 235500 ,7      ,1
 235500 ,8      ,0
 236000 ,2      ,0
 236000 ,3      ,0
 236000 ,4      ,0
 236000 ,5      ,0
 236300 ,7      ,0
 236400 ,1      ,1
 236400 ,2      ,1
 236400 ,3      ,1
 236400 ,4      ,1
 236400 ,5      ,1
 236400 ,6      ,1
 236400 ,7      ,1
 236400 ,8      ,1
 236600 ,6      ,0
 236600 ,8      ,0
 236700 ,6      ,1
 236700 ,7      ,0
 236900 ,8      ,1
 236950 ,1      ,0
 237050 ,2      ,0
 237150 ,3      ,0
 237150 ,4      ,0
 237250 ,1      ,1
 237250 ,2      ,1
 237250 ,3      ,1
 237250 ,4      ,1
 237250 ,6      ,0
 237250 ,7      ,1
 237250 ,8      ,0
 237400 ,1      ,0
 237400 ,2      ,0
 237400 ,3      ,0
 237400 ,4      ,0
 237400 ,5      ,0
 237400 ,7      ,0
 237500 ,1      ,1
 237500 ,2      ,1
 237500 ,4      ,1
 237500 ,5      ,1
 237500 ,6      ,1
 237700 ,1      ,0
 237700 ,2      ,0
 237700 ,4      ,0
 237700 ,5      ,0
 237700 ,6      ,0
 237800 ,1      ,1
 237800 ,5      ,1
 237800 ,7      ,1
 238000 ,1      ,0
 238000 ,7      ,0
 238000 ,8      ,1
 238050 ,4      ,1
 238050 ,7      ,1
 238100 ,3      ,1
 238100 ,6      ,1
 238150 ,2      ,1
 238200 ,1      ,1
 238350 ,7      ,0
 238700 ,6      ,0
 238700 ,7      ,1
 238700 ,8      ,0
 238900 ,1      ,0
 238900 ,2      ,0
 238900 ,3      ,0
 238900 ,4      ,0
 238900 ,5      ,0
 239000 ,1      ,1
 239000 ,2      ,1
 239000 ,3      ,1
 239000 ,4      ,1
 239000 ,5      ,1
 239000 ,6      ,1
 239000 ,7      ,0
 239000 ,8      ,1
 239750 ,1      ,0
 239750 ,2      ,0
 239750 ,3      ,0
 239750 ,4      ,0
 239750 ,5      ,0
 239850 ,1      ,1
 239850 ,2      ,1
 239850 ,3      ,1
 239850 ,4      ,1
 239850 ,5      ,1
 239850 ,6      ,0
 239850 ,7      ,1
 239850 ,8      ,0
 240200 ,1      ,0
 240250 ,2      ,0
 240300 ,3      ,0
 240350 ,4      ,0
 240400 ,5      ,0
 240400 ,6      ,1
 240400 ,7      ,0
 240700 ,4      ,1
 240700 ,5      ,1
 240700 ,6      ,0
 240700 ,8      ,1
 240950 ,1      ,1
 240950 ,2      ,1
 240950 ,4      ,0
 240950 ,5      ,0
 240950 ,6      ,1
 240950 ,8      ,0
 241250 ,1      ,0
 241250 ,3      ,1
 241250 ,4      ,1
 241250 ,6      ,0
 241250 ,7      ,1
 241550 ,2      ,0
 241550 ,3      ,0
 241550 ,4      ,0
 241550 ,6      ,1
 241550 ,7      ,0
 241800 ,6      ,0
 241800 ,7      ,1
 242050 ,7      ,0
 242050 ,8      ,1
 242350 ,6      ,1
 242350 ,7      ,1
 242650 ,6      ,0
 242650 ,8      ,0
 242800 ,7      ,0
 242800 ,8      ,1
 242950 ,7      ,1
 242950 ,8      ,0
 243100 ,6      ,1
 243100 ,7      ,0
 243250 ,6      ,0
 243250 ,7      ,1
 243250 ,8      ,1
 243550 ,6      ,1
 243550 ,7      ,0
 243550 ,8      ,0
 243650 ,7      ,1
 243800 ,6      ,0
 243800 ,7      ,0
 243800 ,8      ,1
 243950 ,7      ,1
 243950 ,8      ,0
 244100 ,1      ,1
 244100 ,2      ,1
 244100 ,6      ,1
 244100 ,8      ,1
 244300 ,1      ,0
 244300 ,2      ,0
 244300 ,6      ,0
 244300 ,7      ,0
 244300 ,8      ,0
 244400 ,2      ,1
 244400 ,3      ,1
 244400 ,4      ,1
 244400 ,6      ,1
 244400 ,7      ,1
 244400 ,8      ,1
 244600 ,2      ,0
 244600 ,3      ,0
 244600 ,4      ,0
 244600 ,6      ,0
 244600 ,7      ,0
 244600 ,8      ,0
 244700 ,3      ,1
 244700 ,4      ,1
 244700 ,5      ,1
 244700 ,6      ,1
 244700 ,7      ,1
 244700 ,8      ,1
 244850 ,3      ,0
 244850 ,4      ,0
 244850 ,5      ,0
 244850 ,6      ,0
 244850 ,7      ,0
 244850 ,8      ,0
 244950 ,1      ,1
 244950 ,3      ,1
 244950 ,5      ,1
 244950 ,7      ,1
 245400 ,6      ,1
 245550 ,7      ,0
 245550 ,8      ,1
 245750 ,1      ,0
 245750 ,3      ,0
 245750 ,5      ,0
 245850 ,1      ,1
 245850 ,3      ,1
 245850 ,5      ,1
 245850 ,6      ,0
 245850 ,7      ,1
 245850 ,8      ,0
 246150 ,7      ,0
 246150 ,8      ,1
 246300 ,7      ,1
 246450 ,6      ,1
 246450 ,7      ,0
 246450 ,8      ,0
 246650 ,1      ,0
 246650 ,3      ,0
 246650 ,5      ,0
 246750 ,1      ,1
 246750 ,3      ,1
 246750 ,5      ,1
 246750 ,6      ,0
 246750 ,7      ,1
 246750 ,8      ,1
 247000 ,7      ,0
 247150 ,6      ,1
 247150 ,8      ,0
 247300 ,1      ,0
 247300 ,3      ,0
 247300 ,5      ,0
 247300 ,6      ,0
 247450 ,4      ,1
 247450 ,5      ,1
 247550 ,4      ,0
 247550 ,5      ,0
 247600 ,4      ,1
 247600 ,5      ,1
 247600 ,6      ,1
 247850 ,3      ,1
 247850 ,6      ,0
 247850 ,7      ,1
 248200 ,1      ,1
 248200 ,2      ,1
 248200 ,7      ,0
 248200 ,8      ,1
 248400 ,1      ,0
 248400 ,2      ,0
 248400 ,3      ,0
 248400 ,4      ,0
 248400 ,5      ,0
 248400 ,8      ,0
 248500 ,1      ,1
 248500 ,6      ,1
 248550 ,2      ,1
 248550 ,7      ,1
 248600 ,3      ,1
 248600 ,8      ,1
 248650 ,4      ,1
 248700 ,5      ,1
 248850 ,1      ,0
 248900 ,2      ,0
 248950 ,3      ,0
 248950 ,6      ,0
 249000 ,4      ,0
 249050 ,5      ,0
 249050 ,8      ,0
 249150 ,1      ,1
 249200 ,2      ,1
 249250 ,3      ,1
 249300 ,4      ,1
 249350 ,5      ,1
 249350 ,6      ,1
 249350 ,7      ,0
 249550 ,1      ,0
 249550 ,2      ,0
 249550 ,3      ,0
 249550 ,4      ,0
 249550 ,5      ,0
 249600 ,6      ,0
 249600 ,7      ,1
 249750 ,7      ,0
 249750 ,8      ,1
 249950 ,7      ,1
 249950 ,8      ,0
 250200 ,6      ,1
 250200 ,7      ,0
 250200 ,8      ,1
 250500 ,8      ,0
 250650 ,6      ,0
 250650 ,7      ,1
 250800 ,7      ,0
 250800 ,8      ,1
 251000 ,8      ,0
 251100 ,6      ,1
 251100 ,7      ,1
 251100 ,8      ,1
 251250 ,6      ,0
 251250 ,7      ,0
 251250 ,8      ,0
 251350 ,6      ,1
 251350 ,7      ,1
 251350 ,8      ,1
 251450 ,6      ,0
 251450 ,7      ,0
 251450 ,8      ,0
 251550 ,6      ,1
 251550 ,7      ,1
 251550 ,8      ,1
 251700 ,6      ,0
 251700 ,7      ,0
 251700 ,8      ,0
 251750 ,5      ,1
 251800 ,4      ,1
 251850 ,3      ,1
 251900 ,2      ,1
 251950 ,1      ,1
 251950 ,6      ,1
 251950 ,7      ,1
 251950 ,8      ,1
 252500 ,1      ,0
 252500 ,3      ,0
 252500 ,5      ,0
 252500 ,6      ,0
 252500 ,8      ,0
 252850 ,1      ,1
 252850 ,2      ,0
 252850 ,3      ,1
 252850 ,4      ,0
 252850 ,5      ,1
 252850 ,6      ,1
 252850 ,7      ,0
 252850 ,8      ,1
 253100 ,6      ,0
 253100 ,7      ,1
 253350 ,8      ,0
 253450 ,6      ,1
 253450 ,7      ,0
 253700 ,1      ,0
 253700 ,2      ,1
 253700 ,3      ,0
 253700 ,4      ,1
 253700 ,5      ,0
 253700 ,6      ,0
 253700 ,7      ,1
 254000 ,7      ,0
 254000 ,8      ,1
 254150 ,7      ,1
 254300 ,6      ,1
 254300 ,7      ,0
 254500 ,2      ,0
 254500 ,4      ,0
 254500 ,6      ,0
 254500 ,8      ,0
 254600 ,1      ,1
 254600 ,7      ,1
 254600 ,8      ,1
 254750 ,7      ,0
 254750 ,8      ,0
 254850 ,1      ,0
 254850 ,3      ,1
 254850 ,6      ,1
 254850 ,8      ,1
 255000 ,6      ,0
 255000 ,8      ,0
 255100 ,3      ,0
 255100 ,5      ,1
 255100 ,6      ,1
 255100 ,7      ,1
 255350 ,5      ,0
 255350 ,6      ,0
 255350 ,7      ,0
 255450 ,1      ,1
 255450 ,6      ,1
 255450 ,7      ,1
 255450 ,8      ,1
 255550 ,2      ,1
 255650 ,1      ,0
 255650 ,3      ,1
 255750 ,2      ,0
 255750 ,4      ,1
 255750 ,6      ,0
 255750 ,8      ,0
 255850 ,3      ,0
 255850 ,5      ,1
 255900 ,6      ,1
 255900 ,7      ,0
 255950 ,2      ,1
 255950 ,4      ,0
 256000 ,6      ,0
 256000 ,8      ,1
 256050 ,3      ,1
 256050 ,5      ,0
 256150 ,2      ,0
 256150 ,4      ,1
 256200 ,8      ,0
 256250 ,3      ,0
 256250 ,5      ,1
 256350 ,1      ,1
 256350 ,4      ,0
 256350 ,6      ,1
 256350 ,7      ,1
 256350 ,8      ,1
 256450 ,2      ,1
 256450 ,5      ,0
 256550 ,1      ,0
 256550 ,3      ,1
 256600 ,6      ,0
 256600 ,8      ,0
 256650 ,2      ,0
 256650 ,4      ,1
 256750 ,3      ,0
 256750 ,5      ,1
 256850 ,4      ,0
 256900 ,2      ,1
 256900 ,7      ,0
 256900 ,8      ,1
 256950 ,3      ,1
 256950 ,5      ,0
 257000 ,4      ,1
 257100 ,2      ,0
 257100 ,6      ,1
 257100 ,8      ,0
 257150 ,3      ,0
 257200 ,1      ,1
 257200 ,2      ,1
 257200 ,3      ,1
 257200 ,4      ,0
 257200 ,7      ,1
 257200 ,8      ,1
 257500 ,1      ,0
 257500 ,2      ,0
 257500 ,4      ,1
 257500 ,5      ,1
 257500 ,6      ,0
 257500 ,7      ,0
 257600 ,6      ,1
 257750 ,6      ,0
 257750 ,7      ,1
 257900 ,3      ,0
 257900 ,4      ,0
 257900 ,5      ,0
 257900 ,6      ,1
 258100 ,3      ,1
 258100 ,6      ,0
 258100 ,8      ,0
 258250 ,7      ,0
 258350 ,2      ,1
 258350 ,3      ,0
 258350 ,4      ,1
 258350 ,6      ,1
 258500 ,6      ,0
 258600 ,1      ,1
 258600 ,2      ,0
 258600 ,4      ,0
 258600 ,5      ,1
 258600 ,8      ,1
 258750 ,8      ,0
 258900 ,2      ,1
 258900 ,3      ,1
 258900 ,4      ,1
 258900 ,6      ,1
 259700 ,6      ,0
 259800 ,1      ,0
 259800 ,5      ,0
 259800 ,6      ,1
 259950 ,6      ,0
 260050 ,6      ,1
 260300 ,6      ,0
 260400 ,6      ,1
 260600 ,2      ,0
 260600 ,4      ,0
 261100 ,3      ,0
 261100 ,6      ,0
 261200 ,3      ,1
 261200 ,7      ,1
 261400 ,3      ,0
 261500 ,3      ,1
 261500 ,6      ,1
 261750 ,3      ,0
 261850 ,3      ,1
 261850 ,6      ,0
 261850 ,8      ,1
 262400 ,3      ,0
 262500 ,4      ,1
 262500 ,5      ,1
 262500 ,7      ,0
 262650 ,4      ,0
 262650 ,5      ,0
 262650 ,6      ,1
 262650 ,7      ,1
 262650 ,8      ,0
 262900 ,6      ,0
 262900 ,7      ,0
 262900 ,8      ,1
 263200 ,4      ,1
 263200 ,5      ,1
 263200 ,7      ,1
 263200 ,8      ,0
 263350 ,4      ,0
 263350 ,5      ,0
 263350 ,7      ,0
 263450 ,2      ,1
 263450 ,3      ,1
 263450 ,4      ,1
 263450 ,5      ,1
 263450 ,6      ,1
 263700 ,2      ,0
 263700 ,3      ,0
 263700 ,4      ,0
 263700 ,5      ,0
 263700 ,6      ,0
 263700 ,8      ,1
 263750 ,7      ,1
 263800 ,1      ,1
 263800 ,2      ,1
 263800 ,3      ,1
 263800 ,4      ,1
 263800 ,5      ,1
 263800 ,6      ,1
 264150 ,1      ,0
 264150 ,6      ,0
 264150 ,7      ,0
 264200 ,2      ,0
 264250 ,3      ,0
 264300 ,4      ,0
 264300 ,7      ,1
 264300 ,8      ,0
 264350 ,5      ,0
 264400 ,6      ,1
 264400 ,7      ,0
 264700 ,8      ,1
 265000 ,1      ,1
 265000 ,3      ,1
 265000 ,6      ,0
 265000 ,8      ,0
 265150 ,1      ,0
 265150 ,2      ,1
 265150 ,3      ,0
 265150 ,4      ,1
 265600 ,2      ,0
 265600 ,3      ,1
 265600 ,4      ,0
 265600 ,5      ,1
 265800 ,3      ,0
 265850 ,4      ,1
 265900 ,3      ,1
 265950 ,2      ,1
 266000 ,1      ,1
 267350 ,1      ,0
 267450 ,2      ,0
 267550 ,3      ,0
 267650 ,4      ,0
 267750 ,5      ,0
 268600 ,4      ,1
 268600 ,5      ,1
 268600 ,6      ,1
 268750 ,6      ,0
 268850 ,1      ,1
 268850 ,2      ,1
 268850 ,4      ,0
 268850 ,5      ,0
 268850 ,7      ,1
 269050 ,7      ,0
 269150 ,1      ,0
 269150 ,3      ,1
 269150 ,4      ,1
 269150 ,8      ,1
 269350 ,8      ,0
 269450 ,2      ,0
 269450 ,3      ,0
 269450 ,5      ,1
 269450 ,8      ,1
 269500 ,7      ,1
 269550 ,6      ,1
 269650 ,4      ,0
 269650 ,5      ,0
 269700 ,6      ,0
 269850 ,7      ,0
 269950 ,6      ,1
 269950 ,7      ,1
 269950 ,8      ,0
 270150 ,6      ,0
 270150 ,7      ,0
 270150 ,8      ,1
 270300 ,6      ,1
 270300 ,8      ,0
 270550 ,6      ,0
 270550 ,7      ,1
 270750 ,7      ,0
 270750 ,8      ,1
 270850 ,6      ,1
 270850 ,8      ,0
 271000 ,6      ,0
 271000 ,7      ,1
 271150 ,6      ,1
 271150 ,7      ,0
 271150 ,8      ,1
 271450 ,6      ,0
 271450 ,7      ,1
 271450 ,8      ,0
 271600 ,7      ,0
 271600 ,8      ,1
 271700 ,7      ,1
 271700 ,8      ,0
 271850 ,6      ,1
 271850 ,7      ,0
 271950 ,6      ,0
 271950 ,8      ,1
 272000 ,7      ,1
 272050 ,6      ,1
 272250 ,8      ,0
 272600 ,7      ,0
 272900 ,6      ,0
 272900 ,7      ,1
 272900 ,8      ,1
 273200 ,8      ,0
 273350 ,7      ,0
 273350 ,8      ,1
 273500 ,6      ,1
 273500 ,7      ,1
 273500 ,8      ,0
 273650 ,7      ,0
 273800 ,6      ,0
 273800 ,7      ,1
 273800 ,8      ,1
 274050 ,8      ,0
 274250 ,7      ,0
 274250 ,8      ,1
 274350 ,6      ,1
 274350 ,7      ,1
 274500 ,6      ,0
 274500 ,8      ,0
 274650 ,7      ,0
 274650 ,8      ,1
 274950 ,6      ,1
 274950 ,8      ,0
 275250 ,6      ,0
 275250 ,7      ,1
 275450 ,7      ,0
 275550 ,6      ,1
 275550 ,7      ,1
 275550 ,8      ,1
 275750 ,6      ,0
 275750 ,7      ,0
 275750 ,8      ,0
 275850 ,6      ,1
 275850 ,7      ,1
 276050 ,6      ,0
 276050 ,7      ,0
 276150 ,6      ,1
 276300 ,6      ,0
 276400 ,6      ,1
 276400 ,7      ,1
 276400 ,8      ,1
 276550 ,6      ,0
 276600 ,4      ,1
 276600 ,7      ,0
 276650 ,8      ,0
 276800 ,4      ,0
 276800 ,5      ,1
 276900 ,4      ,1
 276900 ,5      ,0
 277100 ,4      ,0
 277100 ,5      ,1
 277200 ,4      ,1
 277250 ,5      ,0
 277300 ,3      ,1
 277400 ,3      ,0
 277950 ,5      ,1
 278100 ,3      ,1
 278100 ,5      ,0
 278200 ,3      ,0
 278350 ,5      ,1
 278450 ,5      ,0
 278700 ,4      ,0
 278700 ,5      ,1
 278750 ,4      ,1
 278750 ,5      ,0
 279300 ,4      ,0
 279300 ,5      ,1
 279350 ,4      ,1
 279350 ,5      ,0
 280050 ,4      ,0
 280050 ,5      ,1
 280100 ,4      ,1
 280100 ,5      ,0
 280550 ,5      ,1
 280650 ,5      ,0
 280900 ,5      ,1
 280950 ,5      ,0
 281050 ,3      ,1
 281100 ,3      ,0
 284750 ,4      ,0
 285600 ,1      ,0
 285600 ,2      ,0
 285600 ,3      ,0
 285600 ,4      ,0
 285600 ,5      ,0
 285600 ,6      ,0
 285600 ,7      ,0
 285600 ,8      ,0
