TIME(MS),COMMAND,VALUE
 007850 ,1      ,1
 007900 ,2      ,1
 007950 ,3      ,1
 008000 ,1      ,0
 008000 ,4      ,1
 008050 ,2      ,0
 008050 ,5      ,1
 008100 ,3      ,0
 008700 ,1      ,1
 008750 ,2      ,1
 008800 ,3      ,1
 008850 ,1      ,0
 008900 ,2      ,0
 009550 ,1      ,1
 009600 ,2      ,1
 010350 ,1      ,0
 010350 ,6      ,1
 010400 ,2      ,0
 010400 ,6      ,0
 010400 ,7      ,1
 010450 ,3      ,0
 010450 ,7      ,0
 010450 ,8      ,1
 010500 ,1      ,1
 010500 ,4      ,0
 010500 ,6      ,1
 010500 ,8      ,0
 010550 ,2      ,1
 010550 ,5      ,0
 010550 ,6      ,0
 010550 ,7      ,1
 010600 ,3      ,1
 010600 ,6      ,1
 010600 ,7      ,0
 010600 ,8      ,1
 010650 ,4      ,1
 010650 ,6      ,0
 010650 ,7      ,1
 010650 ,8      ,0
 010700 ,5      ,1
 010700 ,6      ,1
 010700 ,7      ,0
 010750 ,6      ,0
 010750 ,8      ,1
 010800 ,7      ,1
 010800 ,8      ,0
 010850 ,6      ,1
 010850 ,7      ,0
 010850 ,8      ,1
 010900 ,7      ,1
 010900 ,8      ,0
 010950 ,6      ,0
 011000 ,1      ,0
 011000 ,2      ,0
 011000 ,3      ,0
 011000 ,4      ,0
 011000 ,5      ,0
 011000 ,7      ,0
 011200 ,1      ,1
 011200 ,6      ,1
 011250 ,2      ,1
 011300 ,3      ,1
 011350 ,1      ,0
 011350 ,4      ,1
 011400 ,2      ,0
 011400 ,5      ,1
 011450 ,3      ,0
 012050 ,1      ,1
 012050 ,6      ,0
 012050 ,7      ,1
 012100 ,2      ,1
 012150 ,3      ,1
 012200 ,1      ,0
 012250 ,2      ,0
 012900 ,1      ,1
 012900 ,7      ,0
 012900 ,8      ,1
 012950 ,2      ,1
 013700 ,1      ,0
 013700 ,6      ,1
 013700 ,8      ,0
 013750 ,2      ,0
 013750 ,6      ,0
 013750 ,7      ,1
 013800 ,3      ,0
 013800 ,7      ,0
 013800 ,8      ,1
 013850 ,1      ,1
 013850 ,4      ,0
 013850 ,6      ,1
 013850 ,8      ,0
 013900 ,2      ,1
 013900 ,5      ,0
 013900 ,6      ,0
 013900 ,7      ,1
 013950 ,3      ,1
 013950 ,6      ,1
 013950 ,7      ,0
 013950 ,8      ,1
 014000 ,4      ,1
 014000 ,6      ,0
 014000 ,7      ,1
 014000 ,8      ,0
 014050 ,5      ,1
 014050 ,6      ,1
 014050 ,7      ,0
 014100 ,6      ,0
 014100 ,8      ,1
 014150 ,6      ,1
 014150 ,7      ,1
 014200 ,6      ,0
 014200 ,7      ,0
 014200 ,8      ,0
 014250 ,1      ,0
 014250 ,2      ,0
 014250 ,3      ,0
 014250 ,4      ,0
 014250 ,5      ,0
 014250 ,6      ,1
 014250 ,7      ,1
 014250 ,8      ,1
 014350 ,6      ,0
 014350 ,7      ,0
 014350 ,8      ,0
 014500 ,6      ,1
 014700 ,1      ,1
 014700 ,3      ,1
 014700 ,6      ,0
 014700 ,8      ,1
 014750 ,7      ,1
 014800 ,6      ,1
 014800 ,8      ,0
 014850 ,1      ,0
 014850 ,3      ,0
 014850 ,7      ,0
 014900 ,6      ,0
 014900 ,7      ,1
 014950 ,1      ,1
 014950 ,3      ,1
 015100 ,6      ,1
 015100 ,7      ,0
 015350 ,6      ,0
 015350 ,8      ,1
 015400 ,1      ,0
 015400 ,5      ,1
 015500 ,7      ,1
 015500 ,8      ,0
 015700 ,3      ,0
 015700 ,5      ,0
 015800 ,3      ,1
 015800 ,5      ,1
 015900 ,6      ,1
 015900 ,7      ,0
 016250 ,3      ,0
 016250 ,5      ,0
 016250 ,6      ,0
 016250 ,7      ,1
 016350 ,2      ,1
 016350 ,4      ,1
 016350 ,6      ,1
 016350 ,7      ,0
 016350 ,8      ,1
 016600 ,6      ,0
 016600 ,8      ,0
 016650 ,2      ,0
 016650 ,4      ,0
 016750 ,2      ,1
 016750 ,4      ,1
 016750 ,6      ,1
 016750 ,8      ,1
 017000 ,2      ,0
 017000 ,4      ,0
 017050 ,6      ,0
 017050 ,7      ,1
 017050 ,8      ,0
 017100 ,3      ,1
 017100 ,5      ,1
 017200 ,7      ,0
 017200 ,8      ,1
 017500 ,3      ,0
 017500 ,5      ,0
 017600 ,3      ,1
 017600 ,5      ,1
 017650 ,7      ,1
 017650 ,8      ,0
 017950 ,7      ,0
 018050 ,1      ,1
 018050 ,7      ,1
 018300 ,7      ,0
 018300 ,8      ,1
 018450 ,1      ,0
 018450 ,2      ,1
 018450 ,3      ,0
 018450 ,4      ,1
 018450 ,5      ,0
 018500 ,6      ,1
 018500 ,8      ,0
 018750 ,7      ,1
 018900 ,1      ,1
 018900 ,2      ,0
 018900 ,3      ,1
 018900 ,4      ,0
 018900 ,5      ,1
 018900 ,6      ,0
 018900 ,7      ,0
 018900 ,8      ,1
 019200 ,6      ,1
 019200 ,8      ,0
 019300 ,1      ,0
 019300 ,2      ,1
 019300 ,3      ,0
 019300 ,4      ,1
 019300 ,5      ,0
 019350 ,6      ,0
 019350 ,7      ,1
 019650 ,7      ,0
 019650 ,8      ,1
 019800 ,1      ,1
 019800 ,2      ,0
 019800 ,3      ,1
 019800 ,4      ,0
 019800 ,5      ,1
 019800 ,6      ,1
 019800 ,8      ,0
 020050 ,6      ,0
 020050 ,8      ,1
 020150 ,1      ,0
 020150 ,2      ,1
 020150 ,3      ,0
 020150 ,4      ,1
 020150 ,5      ,0
 020200 ,7      ,1
 020200 ,8      ,0
 020500 ,6      ,1
 020500 ,7      ,0
 020600 ,1      ,1
 020600 ,2      ,0
 020600 ,3      ,1
 020600 ,4      ,0
 020600 ,5      ,1
 020650 ,6      ,0
 020650 ,7      ,1
 020650 ,8      ,1
 020900 ,6      ,1
 020900 ,7      ,0
 020900 ,8      ,0
 021050 ,6      ,0
 021050 ,7      ,1
 021100 ,1      ,0
 021100 ,3      ,0
 021100 ,5      ,0
 021250 ,7      ,0
 021350 ,7      ,1
 021500 ,3      ,1
 021500 ,6      ,1
 021500 ,7      ,0
 021750 ,8      ,1
 021900 ,2      ,1
 021900 ,3      ,0
 021900 ,4      ,1
 021900 ,6      ,0
 021900 ,7      ,1
 021900 ,8      ,0
 022400 ,1      ,1
 022400 ,2      ,0
 022400 ,4      ,0
 022400 ,5      ,1
 022400 ,7      ,0
 022400 ,8      ,1
 022650 ,7      ,1
 022800 ,6      ,1
 022950 ,6      ,0
 022950 ,7      ,0
 022950 ,8      ,0
 023100 ,7      ,1
 023150 ,1      ,0
 023150 ,5      ,0
 023250 ,1      ,1
 023250 ,5      ,1
 023250 ,6      ,1
 023250 ,7      ,0
 023250 ,8      ,1
 023500 ,6      ,0
 023500 ,7      ,1
 023500 ,8      ,0
 023650 ,1      ,0
 023650 ,2      ,1
 023650 ,4      ,1
 023650 ,5      ,0
 023650 ,6      ,1
 023650 ,7      ,0
 024000 ,7      ,1
 024050 ,2      ,0
 024050 ,3      ,1
 024050 ,4      ,0
 024050 ,6      ,0
 024350 ,7      ,0
 024350 ,8      ,1
 024550 ,6      ,1
 024550 ,7      ,1
 024600 ,3      ,0
 024700 ,6      ,0
 024700 ,7      ,0
 024700 ,8      ,0
 024800 ,6      ,1
 024800 ,7      ,1
 024800 ,8      ,1
 024900 ,6      ,0
 024900 ,7      ,0
 024900 ,8      ,0
 024950 ,1      ,1
 024950 ,6      ,1
 024950 ,7      ,1
 025250 ,1      ,0
 025250 ,7      ,0
 025350 ,1      ,1
 025400 ,8      ,1
 025650 ,6      ,0
 025650 ,7      ,1
 025800 ,6      ,1
 025800 ,7      ,0
 025850 ,1      ,0
 025850 ,2      ,1
 026100 ,8      ,0
 026250 ,2      ,0
 026250 ,3      ,1
 026250 ,6      ,0
 026250 ,7      ,1
 026250 ,8      ,1
 026650 ,1      ,1
 026650 ,5      ,1
 026650 ,6      ,1
 026650 ,7      ,0
 026650 ,8      ,0
 026950 ,7      ,1
 027100 ,1      ,0
 027100 ,2      ,1
 027100 ,3      ,0
 027100 ,4      ,1
 027100 ,5      ,0
 027100 ,6      ,0
 027100 ,7      ,0
 027100 ,8      ,1
 027350 ,7      ,1
 027500 ,1      ,1
 027500 ,2      ,0
 027500 ,3      ,1
 027500 ,4      ,0
 027500 ,5      ,1
 027500 ,6      ,1
 027500 ,7      ,0
 027500 ,8      ,0
 027750 ,8      ,1
 027900 ,1      ,0
 027900 ,2      ,1
 027900 ,3      ,0
 027900 ,4      ,1
 027900 ,5      ,0
 027950 ,6      ,0
 027950 ,7      ,1
 027950 ,8      ,0
 028000 ,7      ,0
 028050 ,7      ,1
 028250 ,8      ,1
 028350 ,2      ,0
 028350 ,3      ,1
 028350 ,4      ,0
 028350 ,6      ,1
 028350 ,7      ,0
 028350 ,8      ,0
 028750 ,2      ,1
 028750 ,3      ,0
 028750 ,4      ,1
 028750 ,6      ,0
 028800 ,7      ,1
 029250 ,1      ,1
 029250 ,2      ,0
 029250 ,4      ,0
 029250 ,5      ,1
 029250 ,7      ,0
 029250 ,8      ,1
 029500 ,7      ,1
 029500 ,8      ,0
 029650 ,6      ,1
 029650 ,7      ,0
 029650 ,8      ,1
 029950 ,7      ,1
 030000 ,1      ,0
 030000 ,5      ,0
 030000 ,6      ,0
 030000 ,8      ,0
 030100 ,1      ,1
 030100 ,5      ,1
 030100 ,6      ,1
 030100 ,7      ,0
 030100 ,8      ,1
 030250 ,6      ,0
 030250 ,8      ,0
 030350 ,6      ,1
 030350 ,7      ,1
 030500 ,1      ,0
 030500 ,2      ,1
 030500 ,4      ,1
 030500 ,5      ,0
 030500 ,6      ,0
 030500 ,8      ,1
 030750 ,6      ,1
 030900 ,2      ,0
 030900 ,3      ,1
 030900 ,4      ,0
 030900 ,6      ,0
 030900 ,7      ,0
 030900 ,8      ,0
 030950 ,6      ,1
 030950 ,8      ,1
 031350 ,7      ,1
 031450 ,3      ,0
 031450 ,6      ,0
 031450 ,8      ,0
 031600 ,6      ,1
 031600 ,7      ,0
 031800 ,1      ,1
 031800 ,6      ,0
 031800 ,7      ,1
 031800 ,8      ,1
 032050 ,6      ,1
 032050 ,7      ,0
 032050 ,8      ,0
 032100 ,1      ,0
 032200 ,1      ,1
 032200 ,6      ,0
 032200 ,7      ,1
 032200 ,8      ,1
 032450 ,7      ,0
 032600 ,6      ,1
 032700 ,1      ,0
 032700 ,2      ,1
 032900 ,6      ,0
 032900 ,8      ,0
 033050 ,6      ,1
 033050 ,8      ,1
 033100 ,2      ,0
 033100 ,3      ,1
 033500 ,3      ,0
 033500 ,5      ,1
 033500 ,6      ,0
 033550 ,4      ,1
 033550 ,7      ,1
 033600 ,3      ,1
 033600 ,6      ,1
 033650 ,2      ,1
 033650 ,5      ,0
 033700 ,1      ,1
 033700 ,4      ,0
 033750 ,3      ,0
 033750 ,6      ,0
 033750 ,7      ,0
 033750 ,8      ,0
 033800 ,2      ,0
 033850 ,1      ,0
 033950 ,1      ,1
 033950 ,6      ,1
 034000 ,2      ,1
 034000 ,7      ,1
 034050 ,3      ,1
 034050 ,8      ,1
 034100 ,4      ,1
 034150 ,5      ,1
 034150 ,6      ,0
 034150 ,7      ,0
 034150 ,8      ,0
 034350 ,5      ,0
 034350 ,6      ,1
 034350 ,7      ,1
 034350 ,8      ,1
 034400 ,4      ,0
 034450 ,3      ,0
 034500 ,2      ,0
 034500 ,5      ,1
 034550 ,1      ,0
 034550 ,4      ,1
 034600 ,3      ,1
 034600 ,6      ,0
 034600 ,7      ,0
 034600 ,8      ,0
 034650 ,2      ,1
 034700 ,1      ,1
 034750 ,4      ,0
 034750 ,6      ,1
 034750 ,7      ,1
 034800 ,2      ,0
 034900 ,4      ,1
 034900 ,5      ,0
 034950 ,1      ,0
 034950 ,2      ,1
 034950 ,3      ,0
 035000 ,1      ,1
 035000 ,5      ,1
 035050 ,1      ,0
 035050 ,3      ,1
 035050 ,6      ,0
 035050 ,8      ,1
 035100 ,1      ,1
 035100 ,2      ,0
 035100 ,5      ,0
 035100 ,7      ,0
 035150 ,1      ,0
 035150 ,7      ,1
 035150 ,8      ,0
 035200 ,2      ,1
 035200 ,4      ,0
 035200 ,6      ,1
 035200 ,7      ,0
 035250 ,1      ,1
 035250 ,4      ,1
 035250 ,5      ,1
 035250 ,6      ,0
 035300 ,2      ,0
 035300 ,4      ,0
 035300 ,5      ,0
 035300 ,8      ,1
 035350 ,7      ,1
 035400 ,6      ,1
 035400 ,8      ,0
 035450 ,1      ,0
 035450 ,3      ,0
 035450 ,7      ,0
 035500 ,6      ,0
 035500 ,7      ,1
 035550 ,1      ,1
 035550 ,3      ,1
 035700 ,6      ,1
 035700 ,7      ,0
 035950 ,6      ,0
 035950 ,8      ,1
 036000 ,1      ,0
 036000 ,5      ,1
 036100 ,7      ,1
 036100 ,8      ,0
 036300 ,3      ,0
 036300 ,5      ,0
 036400 ,3      ,1
 036400 ,5      ,1
 036500 ,6      ,1
 036500 ,7      ,0
 036850 ,3      ,0
 036850 ,5      ,0
 036850 ,6      ,0
 036850 ,7      ,1
 036950 ,2      ,1
 036950 ,4      ,1
 036950 ,6      ,1
 036950 ,7      ,0
 036950 ,8      ,1
 037200 ,6      ,0
 037200 ,8      ,0
 037250 ,2      ,0
 037250 ,4      ,0
 037350 ,2      ,1
 037350 ,4      ,1
 037350 ,6      ,1
 037350 ,8      ,1
 037600 ,2      ,0
 037600 ,4      ,0
 037650 ,6      ,0
 037650 ,7      ,1
 037650 ,8      ,0
 037700 ,3      ,1
 037700 ,5      ,1
 037800 ,7      ,0
 037800 ,8      ,1
 038100 ,3      ,0
 038100 ,5      ,0
 038200 ,3      ,1
 038200 ,5      ,1
 038250 ,7      ,1
 038250 ,8      ,0
 038550 ,7      ,0
 038650 ,1      ,1
 038650 ,7      ,1
 038900 ,7      ,0
 038900 ,8      ,1
 039050 ,1      ,0
 039050 ,2      ,1
 039050 ,3      ,0
 039050 ,4      ,1
 039050 ,5      ,0
 039100 ,6      ,1
 039100 ,8      ,0
 039350 ,7      ,1
 039500 ,1      ,1
 039500 ,2      ,0
 039500 ,3      ,1
 039500 ,4      ,0
 039500 ,5      ,1
 039500 ,6      ,0
 039500 ,7      ,0
 039500 ,8      ,1
 039800 ,6      ,1
 039800 ,8      ,0
 039900 ,1      ,0
 039900 ,2      ,1
 039900 ,3      ,0
 039900 ,4      ,1
 039900 ,5      ,0
 039950 ,6      ,0
 039950 ,7      ,1
 040250 ,7      ,0
 040250 ,8      ,1
 040400 ,1      ,1
 040400 ,2      ,0
 040400 ,3      ,1
 040400 ,4      ,0
 040400 ,5      ,1
 040400 ,6      ,1
 040400 ,8      ,0
 040650 ,6      ,0
 040650 ,8      ,1
 040750 ,1      ,0
 040750 ,2      ,1
 040750 ,3      ,0
 040750 ,4      ,1
 040750 ,5      ,0
 040800 ,7      ,1
 040800 ,8      ,0
 041100 ,6      ,1
 041100 ,7      ,0
 041200 ,1      ,1
 041200 ,2      ,0
 041200 ,3      ,1
 041200 ,4      ,0
 041200 ,5      ,1
 041250 ,6      ,0
 041250 ,7      ,1
 041250 ,8      ,1
 041500 ,6      ,1
 041500 ,7      ,0
 041500 ,8      ,0
 041650 ,6      ,0
 041650 ,7      ,1
 041700 ,1      ,0
 041700 ,3      ,0
 041700 ,5      ,0
 041850 ,7      ,0
 041950 ,7      ,1
 042100 ,3      ,1
 042100 ,6      ,1
 042100 ,7      ,0
 042350 ,8      ,1
 042500 ,2      ,1
 042500 ,3      ,0
 042500 ,4      ,1
 042500 ,6      ,0
 042500 ,7      ,1
 042500 ,8      ,0
 043000 ,1      ,1
 043000 ,2      ,0
 043000 ,4      ,0
 043000 ,5      ,1
 043000 ,7      ,0
 043000 ,8      ,1
 043250 ,7      ,1
 043400 ,6      ,1
 043550 ,6      ,0
 043550 ,7      ,0
 043550 ,8      ,0
 043700 ,7      ,1
 043750 ,1      ,0
 043750 ,5      ,0
 043850 ,1      ,1
 043850 ,5      ,1
 043850 ,6      ,1
 043850 ,7      ,0
 043850 ,8      ,1
 044100 ,6      ,0
 044100 ,7      ,1
 044100 ,8      ,0
 044250 ,1      ,0
 044250 ,2      ,1
 044250 ,4      ,1
 044250 ,5      ,0
 044250 ,6      ,1
 044250 ,7      ,0
 044600 ,7      ,1
 044650 ,2      ,0
 044650 ,3      ,1
 044650 ,4      ,0
 044650 ,6      ,0
 044950 ,7      ,0
 044950 ,8      ,1
 045150 ,6      ,1
 045150 ,7      ,1
 045200 ,3      ,0
 045300 ,6      ,0
 045300 ,7      ,0
 045300 ,8      ,0
 045400 ,6      ,1
 045400 ,7      ,1
 045400 ,8      ,1
 045500 ,6      ,0
 045500 ,7      ,0
 045500 ,8      ,0
 045550 ,1      ,1
 045550 ,6      ,1
 045550 ,7      ,1
 045850 ,1      ,0
 045850 ,7      ,0
 045950 ,1      ,1
 046000 ,8      ,1
 046250 ,6      ,0
 046250 ,7      ,1
 046400 ,6      ,1
 046400 ,7      ,0
 046450 ,1      ,0
 046450 ,2      ,1
 046700 ,8      ,0
 046850 ,2      ,0
 046850 ,3      ,1
 046850 ,6      ,0
 046850 ,7      ,1
 046850 ,8      ,1
 047250 ,1      ,1
 047250 ,5      ,1
 047250 ,6      ,1
 047250 ,7      ,0
 047250 ,8      ,0
 047550 ,7      ,1
 047700 ,1      ,0
 047700 ,2      ,1
 047700 ,3      ,0
 047700 ,4      ,1
 047700 ,5      ,0
 047700 ,6      ,0
 047700 ,7      ,0
 047700 ,8      ,1
 047950 ,7      ,1
 048100 ,1      ,1
 048100 ,2      ,0
 048100 ,3      ,1
 048100 ,4      ,0
 048100 ,5      ,1
 048100 ,6      ,1
 048100 ,7      ,0
 048100 ,8      ,0
 048350 ,8      ,1
 048500 ,1      ,0
 048500 ,2      ,1
 048500 ,3      ,0
 048500 ,4      ,1
 048500 ,5      ,0
 048550 ,6      ,0
 048550 ,7      ,1
 048550 ,8      ,0
 048600 ,7      ,0
 048650 ,7      ,1
 048850 ,8      ,1
 048950 ,2      ,0
 048950 ,3      ,1
 048950 ,4      ,0
 048950 ,6      ,1
 048950 ,7      ,0
 048950 ,8      ,0
 049350 ,2      ,1
 049350 ,3      ,0
 049350 ,4      ,1
 049350 ,6      ,0
 049400 ,7      ,1
 049850 ,1      ,1
 049850 ,2      ,0
 049850 ,4      ,0
 049850 ,5      ,1
 049850 ,7      ,0
 049850 ,8      ,1
 050100 ,7      ,1
 050100 ,8      ,0
 050250 ,6      ,1
 050250 ,7      ,0
 050250 ,8      ,1
 050550 ,7      ,1
 050600 ,1      ,0
 050600 ,5      ,0
 050600 ,6      ,0
 050600 ,8      ,0
 050700 ,1      ,1
 050700 ,5      ,1
 050700 ,6      ,1
 050700 ,7      ,0
 050700 ,8      ,1
 050850 ,6      ,0
 050850 ,8      ,0
 050950 ,6      ,1
 050950 ,7      ,1
 051100 ,1      ,0
 051100 ,2      ,1
 051100 ,4      ,1
 051100 ,5      ,0
 051100 ,6      ,0
 051100 ,8      ,1
 051350 ,6      ,1
 051500 ,2      ,0
 051500 ,3      ,1
 051500 ,4      ,0
 051500 ,6      ,0
 051500 ,7      ,0
 051500 ,8      ,0
 051550 ,6      ,1
 051550 ,8      ,1
 051950 ,7      ,1
 052050 ,3      ,0
 052050 ,6      ,0
 052050 ,8      ,0
 052200 ,6      ,1
 052200 ,7      ,0
 052400 ,1      ,1
 052400 ,6      ,0
 052400 ,7      ,1
 052400 ,8      ,1
 052650 ,6      ,1
 052650 ,7      ,0
 052650 ,8      ,0
 052700 ,1      ,0
 052800 ,1      ,1
 052800 ,6      ,0
 052800 ,7      ,1
 052800 ,8      ,1
 053050 ,7      ,0
 053200 ,6      ,1
 053300 ,1      ,0
 053300 ,2      ,1
 053500 ,6      ,0
 053500 ,8      ,0
 053650 ,6      ,1
 053650 ,8      ,1
 053700 ,2      ,0
 053700 ,3      ,1
 054100 ,3      ,0
 054100 ,5      ,1
 054100 ,6      ,0
 054150 ,4      ,1
 054150 ,7      ,1
 054200 ,3      ,1
 054200 ,6      ,1
 054250 ,2      ,1
 054250 ,5      ,0
 054300 ,1      ,1
 054300 ,4      ,0
 054350 ,3      ,0
 054350 ,6      ,0
 054350 ,7      ,0
 054350 ,8      ,0
 054400 ,2      ,0
 054450 ,1      ,0
 054550 ,1      ,1
 054550 ,6      ,1
 054600 ,2      ,1
 054600 ,7      ,1
 054650 ,3      ,1
 054650 ,8      ,1
 054700 ,4      ,1
 054750 ,5      ,1
 054750 ,6      ,0
 054750 ,7      ,0
 054750 ,8      ,0
 054950 ,5      ,0
 054950 ,6      ,1
 054950 ,7      ,1
 054950 ,8      ,1
 055000 ,4      ,0
 055050 ,3      ,0
 055100 ,2      ,0
 055100 ,5      ,1
 055150 ,1      ,0
 055150 ,4      ,1
 055200 ,3      ,1
 055200 ,6      ,0
 055200 ,7      ,0
 055200 ,8      ,0
 055250 ,2      ,1
 055300 ,1      ,1
 055350 ,4      ,0
 055350 ,6      ,1
 055350 ,7      ,1
 055400 ,2      ,0
 055500 ,4      ,1
 055500 ,5      ,0
 055550 ,1      ,0
 055550 ,2      ,1
 055550 ,3      ,0
 055600 ,1      ,1
 055600 ,5      ,1
 055650 ,1      ,0
 055650 ,3      ,1
 055650 ,6      ,0
 055650 ,8      ,1
 055700 ,1      ,1
 055700 ,2      ,0
 055700 ,5      ,0
 055700 ,7      ,0
 055750 ,1      ,0
 055750 ,3      ,0
 055750 ,6      ,1
 055750 ,7      ,1
 055750 ,8      ,0
 055850 ,7      ,0
 055850 ,8      ,1
 055900 ,3      ,1
 055900 ,4      ,0
 055900 ,7      ,1
 055950 ,6      ,0
 056050 ,3      ,0
 056050 ,4      ,1
 056050 ,6      ,1
 056050 ,7      ,0
 056100 ,7      ,1
 056100 ,8      ,0
 056150 ,6      ,0
 056150 ,7      ,0
 056150 ,8      ,1
 056200 ,6      ,1
 056200 ,7      ,1
 056250 ,3      ,1
 056250 ,4      ,0
 056250 ,7      ,0
 056300 ,7      ,1
 056350 ,2      ,1
 056350 ,3      ,0
 056450 ,8      ,0
 056500 ,2      ,0
 056500 ,3      ,1
 056500 ,7      ,0
 056500 ,8      ,1
 056550 ,7      ,1
 056550 ,8      ,0
 056600 ,8      ,1
 056650 ,2      ,1
 056650 ,3      ,0
 056650 ,6      ,0
 056650 ,7      ,0
 056700 ,6      ,1
 056700 ,7      ,1
 056700 ,8      ,0
 056750 ,8      ,1
 056800 ,1      ,1
 056800 ,2      ,0
 056950 ,1      ,0
 056950 ,3      ,1
 056950 ,6      ,0
 056950 ,7      ,0
 057000 ,6      ,1
 057000 ,8      ,0
 057050 ,2      ,1
 057050 ,3      ,0
 057050 ,7      ,1
 057050 ,8      ,1
 057200 ,2      ,0
 057200 ,3      ,1
 057250 ,6      ,0
 057250 ,7      ,0
 057300 ,6      ,1
 057300 ,7      ,1
 057350 ,2      ,1
 057350 ,3      ,0
 057350 ,7      ,0
 057400 ,6      ,0
 057400 ,7      ,1
 057400 ,8      ,0
 057450 ,2      ,0
 057450 ,5      ,1
 057450 ,7      ,0
 057450 ,8      ,1
 057500 ,4      ,1
 057500 ,7      ,1
 057550 ,3      ,1
 057550 ,5      ,0
 057550 ,6      ,1
 057550 ,8      ,0
 057600 ,2      ,1
 057600 ,4      ,0
 057600 ,7      ,0
 057650 ,1      ,1
 057650 ,6      ,0
 057700 ,2      ,0
 057950 ,1      ,0
 057950 ,3      ,0
 057950 ,5      ,1
 057950 ,8      ,1
 058000 ,4      ,1
 058000 ,7      ,1
 058050 ,3      ,1
 058050 ,5      ,0
 058050 ,6      ,1
 058050 ,8      ,0
 058100 ,2      ,1
 058100 ,7      ,0
 058150 ,1      ,1
 058150 ,3      ,0
 058150 ,6      ,0
 058250 ,1      ,0
 058350 ,2      ,0
 058350 ,4      ,0
 058350 ,5      ,1
 058350 ,8      ,1
 058400 ,4      ,1
 058400 ,7      ,1
 058450 ,3      ,1
 058450 ,6      ,1
 058450 ,8      ,0
 058500 ,2      ,1
 058500 ,4      ,0
 058500 ,7      ,0
 058550 ,1      ,1
 058600 ,2      ,0
 058650 ,1      ,0
 058750 ,6      ,0
 058750 ,7      ,1
 058750 ,8      ,1
 059150 ,3      ,0
 059150 ,4      ,1
 059150 ,5      ,0
 059150 ,7      ,0
 059150 ,8      ,0
 059200 ,6      ,1
 059250 ,7      ,1
 059300 ,3      ,1
 059300 ,4      ,0
 059300 ,6      ,0
 059300 ,7      ,0
 059300 ,8      ,1
 059350 ,6      ,1
 059350 ,7      ,1
 059450 ,3      ,0
 059450 ,4      ,1
 059450 ,8      ,0
 059500 ,8      ,1
 059550 ,6      ,0
 059550 ,8      ,0
 059650 ,3      ,1
 059650 ,4      ,0
 059650 ,6      ,1
 059650 ,8      ,1
 059700 ,7      ,0
 059750 ,2      ,1
 059750 ,3      ,0
 059750 ,8      ,0
 059850 ,6      ,0
 059850 ,7      ,1
 059900 ,2      ,0
 059900 ,3      ,1
 059950 ,6      ,1
 059950 ,8      ,1
 060000 ,6      ,0
 060000 ,7      ,0
 060050 ,2      ,1
 060050 ,3      ,0
 060050 ,6      ,1
 060100 ,6      ,0
 060150 ,6      ,1
 060150 ,7      ,1
 060200 ,1      ,1
 060200 ,2      ,0
 060250 ,6      ,0
 060250 ,7      ,0
 060300 ,7      ,1
 060300 ,8      ,0
 060350 ,1      ,0
 060350 ,3      ,1
 060350 ,6      ,1
 060350 ,8      ,1
 060400 ,6      ,0
 060450 ,2      ,1
 060450 ,3      ,0
 060450 ,6      ,1
 060450 ,8      ,0
 060550 ,6      ,0
 060550 ,7      ,0
 060550 ,8      ,1
 060600 ,2      ,0
 060600 ,3      ,1
 060600 ,6      ,1
 060600 ,7      ,1
 060650 ,7      ,0
 060700 ,6      ,0
 060700 ,7      ,1
 060750 ,2      ,1
 060750 ,3      ,0
 060750 ,7      ,0
 060750 ,8      ,0
 060850 ,2      ,0
 060850 ,5      ,1
 060850 ,8      ,1
 060900 ,4      ,1
 060900 ,7      ,1
 060950 ,3      ,1
 060950 ,5      ,0
 060950 ,6      ,1
 060950 ,8      ,0
 061000 ,2      ,1
 061000 ,4      ,0
 061000 ,7      ,0
 061050 ,1      ,1
 061050 ,6      ,0
 061100 ,2      ,0
 061350 ,1      ,0
 061350 ,3      ,0
 061350 ,5      ,1
 061350 ,8      ,1
 061400 ,4      ,1
 061400 ,7      ,1
 061450 ,3      ,1
 061450 ,6      ,1
 061450 ,8      ,0
 061500 ,2      ,1
 061500 ,4      ,0
 061500 ,7      ,0
 061550 ,1      ,1
 061550 ,6      ,0
 061600 ,2      ,0
 061650 ,1      ,0
 061750 ,3      ,0
 061750 ,8      ,1
 061800 ,4      ,1
 061800 ,7      ,1
 061850 ,3      ,1
 061850 ,5      ,0
 061850 ,6      ,1
 061850 ,8      ,0
 061900 ,2      ,1
 061900 ,7      ,0
 061950 ,1      ,1
 061950 ,3      ,0
 062050 ,1      ,0
 062150 ,6      ,0
 062150 ,7      ,1
 062150 ,8      ,1
 062500 ,1      ,1
 062550 ,1      ,0
 062550 ,2      ,0
 062550 ,7      ,0
 062550 ,8      ,0
 062650 ,6      ,1
 062700 ,7      ,1
 062750 ,3      ,1
 062750 ,4      ,0
 062750 ,6      ,0
 062750 ,7      ,0
 062750 ,8      ,1
 062800 ,6      ,1
 062800 ,7      ,1
 062900 ,3      ,0
 062900 ,4      ,1
 062900 ,8      ,0
 062950 ,8      ,1
 063000 ,6      ,0
 063000 ,8      ,0
 063100 ,3      ,1
 063100 ,4      ,0
 063100 ,6      ,1
 063100 ,8      ,1
 063150 ,7      ,0
 063200 ,2      ,1
 063200 ,3      ,0
 063200 ,8      ,0
 063300 ,6      ,0
 063300 ,7      ,1
 063350 ,2      ,0
 063350 ,3      ,1
 063400 ,6      ,1
 063400 ,8      ,1
 063450 ,6      ,0
 063450 ,7      ,0
 063500 ,2      ,1
 063500 ,3      ,0
 063500 ,6      ,1
 063550 ,6      ,0
 063600 ,6      ,1
 063600 ,7      ,1
 063650 ,1      ,1
 063650 ,2      ,0
 063700 ,6      ,0
 063700 ,7      ,0
 063750 ,7      ,1
 063750 ,8      ,0
 063800 ,1      ,0
 063800 ,3      ,1
 063800 ,6      ,1
 063800 ,8      ,1
 063850 ,6      ,0
 063900 ,2      ,1
 063900 ,3      ,0
 063900 ,6      ,1
 063900 ,8      ,0
 064000 ,6      ,0
 064000 ,7      ,0
 064000 ,8      ,1
 064050 ,2      ,0
 064050 ,3      ,1
 064050 ,6      ,1
 064050 ,7      ,1
 064100 ,7      ,0
 064150 ,6      ,0
 064150 ,7      ,1
 064200 ,2      ,1
 064200 ,3      ,0
 064200 ,7      ,0
 064200 ,8      ,0
 064300 ,2      ,0
 064300 ,5      ,1
 064300 ,8      ,1
 064350 ,4      ,1
 064350 ,7      ,1
 064400 ,3      ,1
 064400 ,5      ,0
 064400 ,6      ,1
 064400 ,8      ,0
 064450 ,2      ,1
 064450 ,4      ,0
 064450 ,7      ,0
 064500 ,1      ,1
 064500 ,6      ,0
 064550 ,2      ,0
 064800 ,1      ,0
 064800 ,3      ,0
 064800 ,5      ,1
 064800 ,8      ,1
 064850 ,4      ,1
 064850 ,7      ,1
 064900 ,3      ,1
 064900 ,5      ,0
 064900 ,6      ,1
 064900 ,8      ,0
 064950 ,2      ,1
 064950 ,7      ,0
 065000 ,1      ,1
 065000 ,3      ,0
 065000 ,6      ,0
 065100 ,1      ,0
 065200 ,8      ,1
 065250 ,2      ,0
 065250 ,4      ,0
 065250 ,5      ,1
 065250 ,7      ,1
 065300 ,4      ,1
 065300 ,6      ,1
 065300 ,8      ,0
 065350 ,3      ,1
 065350 ,7      ,0
 065400 ,2      ,1
 065400 ,4      ,0
 065450 ,1      ,1
 065500 ,2      ,0
 065550 ,1      ,0
 065600 ,6      ,0
 065600 ,7      ,1
 065600 ,8      ,1
 066050 ,3      ,0
 066050 ,4      ,1
 066050 ,5      ,0
 066050 ,7      ,0
 066050 ,8      ,0
 066100 ,6      ,1
 066150 ,7      ,1
 066200 ,3      ,1
 066200 ,4      ,0
 066200 ,6      ,0
 066200 ,7      ,0
 066200 ,8      ,1
 066250 ,6      ,1
 066250 ,7      ,1
 066350 ,3      ,0
 066350 ,4      ,1
 066350 ,8      ,0
 066400 ,8      ,1
 066450 ,6      ,0
 066450 ,8      ,0
 066550 ,3      ,1
 066550 ,4      ,0
 066550 ,6      ,1
 066550 ,8      ,1
 066600 ,7      ,0
 066650 ,2      ,1
 066650 ,3      ,0
 066650 ,8      ,0
 066750 ,6      ,0
 066750 ,7      ,1
 066800 ,2      ,0
 066800 ,3      ,1
 066850 ,6      ,1
 066850 ,8      ,1
 066900 ,6      ,0
 066900 ,7      ,0
 066950 ,2      ,1
 066950 ,3      ,0
 066950 ,6      ,1
 067000 ,6      ,0
 067050 ,6      ,1
 067050 ,7      ,1
 067100 ,1      ,1
 067100 ,2      ,0
 067150 ,6      ,0
 067150 ,7      ,0
 067200 ,7      ,1
 067200 ,8      ,0
 067250 ,1      ,0
 067250 ,3      ,1
 067250 ,6      ,1
 067250 ,8      ,1
 067300 ,6      ,0
 067350 ,2      ,1
 067350 ,3      ,0
 067350 ,6      ,1
 067350 ,8      ,0
 067450 ,6      ,0
 067450 ,7      ,0
 067450 ,8      ,1
 067500 ,2      ,0
 067500 ,3      ,1
 067500 ,6      ,1
 067500 ,7      ,1
 067550 ,7      ,0
 067600 ,6      ,0
 067600 ,7      ,1
 067650 ,2      ,1
 067650 ,3      ,0
 067650 ,7      ,0
 067650 ,8      ,0
 067750 ,2      ,0
 067750 ,4      ,1
 067750 ,5      ,1
 067750 ,8      ,1
 067800 ,7      ,1
 067850 ,6      ,1
 067850 ,8      ,0
 067900 ,2      ,1
 067900 ,3      ,1
 067900 ,7      ,0
 067950 ,6      ,0
 068050 ,2      ,0
 068050 ,3      ,0
 068200 ,3      ,1
 068200 ,8      ,1
 068250 ,7      ,1
 068300 ,6      ,1
 068350 ,3      ,0
 068350 ,4      ,0
 068350 ,8      ,0
 068400 ,7      ,0
 068450 ,6      ,0
 068500 ,3      ,1
 068500 ,4      ,1
 068650 ,2      ,1
 068650 ,8      ,1
 068700 ,2      ,0
 068700 ,7      ,1
 068750 ,1      ,1
 068750 ,3      ,0
 068750 ,6      ,1
 068750 ,8      ,0
 068800 ,2      ,1
 068800 ,4      ,0
 068800 ,7      ,0
 068850 ,3      ,1
 068850 ,5      ,0
 068900 ,4      ,1
 068950 ,5      ,1
 069000 ,1      ,0
 069000 ,2      ,0
 069000 ,3      ,0
 069000 ,4      ,0
 069000 ,5      ,0
 069050 ,1      ,1
 069050 ,2      ,1
 069050 ,3      ,1
 069050 ,4      ,1
 069050 ,5      ,1
 069050 ,6      ,0
 069050 ,7      ,1
 069050 ,8      ,1
 069400 ,1      ,0
 069400 ,2      ,0
 069400 ,3      ,0
 069400 ,4      ,0
 069400 ,5      ,0
 069400 ,7      ,0
 069400 ,8      ,0
 069500 ,1      ,1
 069550 ,2      ,1
 069600 ,3      ,1
 069650 ,1      ,0
 069650 ,4      ,1
 069700 ,2      ,0
 069700 ,5      ,1
 069750 ,3      ,0
 070350 ,1      ,1
 070400 ,2      ,1
 070450 ,3      ,1
 070500 ,1      ,0
 070550 ,2      ,0
 071200 ,1      ,1
 071250 ,2      ,1
 072000 ,1      ,0
 072000 ,6      ,1
 072050 ,2      ,0
 072050 ,6      ,0
 072050 ,7      ,1
 072100 ,3      ,0
 072100 ,7      ,0
 072100 ,8      ,1
 072150 ,1      ,1
 072150 ,4      ,0
 072150 ,6      ,1
 072150 ,8      ,0
 072200 ,2      ,1
 072200 ,5      ,0
 072200 ,6      ,0
 072200 ,7      ,1
 072250 ,3      ,1
 072250 ,6      ,1
 072250 ,7      ,0
 072250 ,8      ,1
 072300 ,4      ,1
 072300 ,6      ,0
 072300 ,7      ,1
 072300 ,8      ,0
 072350 ,5      ,1
 072350 ,6      ,1
 072350 ,7      ,0
 072400 ,6      ,0
 072400 ,8      ,1
 072450 ,7      ,1
 072450 ,8      ,0
 072500 ,6      ,1
 072500 ,7      ,0
 072500 ,8      ,1
 072550 ,7      ,1
 072550 ,8      ,0
 072600 ,6      ,0
 072650 ,1      ,0
 072650 ,2      ,0
 072650 ,3      ,0
 072650 ,4      ,0
 072650 ,5      ,0
 072650 ,7      ,0
 072850 ,1      ,1
 072850 ,6      ,1
 072900 ,2      ,1
 072950 ,3      ,1
 073000 ,1      ,0
 073000 ,4      ,1
 073050 ,2      ,0
 073050 ,5      ,1
 073100 ,3      ,0
 073700 ,1      ,1
 073700 ,6      ,0
 073700 ,7      ,1
 073750 ,2      ,1
 073800 ,3      ,1
 073850 ,1      ,0
 073900 ,2      ,0
 074550 ,1      ,1
 074550 ,7      ,0
 074550 ,8      ,1
 074600 ,2      ,1
 075350 ,1      ,0
 075350 ,6      ,1
 075350 ,8      ,0
 075400 ,2      ,0
 075400 ,6      ,0
 075400 ,7      ,1
 075450 ,3      ,0
 075450 ,7      ,0
 075450 ,8      ,1
 075500 ,1      ,1
 075500 ,4      ,0
 075500 ,6      ,1
 075500 ,8      ,0
 075550 ,2      ,1
 075550 ,5      ,0
 075550 ,6      ,0
 075550 ,7      ,1
 075600 ,3      ,1
 075600 ,6      ,1
 075600 ,7      ,0
 075600 ,8      ,1
 075650 ,4      ,1
 075650 ,6      ,0
 075650 ,7      ,1
 075650 ,8      ,0
 075700 ,5      ,1
 075700 ,6      ,1
 075700 ,7      ,0
 075750 ,6      ,0
 075750 ,8      ,1
 075800 ,6      ,1
 075800 ,7      ,1
 075850 ,6      ,0
 075850 ,7      ,0
 075850 ,8      ,0
 075900 ,1      ,0
 075900 ,2      ,0
 075900 ,3      ,0
 075900 ,4      ,0
 075900 ,5      ,0
 075900 ,6      ,1
 075900 ,7      ,1
 075900 ,8      ,1
 076000 ,6      ,0
 076000 ,7      ,0
 076000 ,8      ,0
 076150 ,6      ,1
 076350 ,1      ,1
 076350 ,3      ,1
 076350 ,6      ,0
 076350 ,8      ,1
 076400 ,7      ,1
 076450 ,6      ,1
 076450 ,8      ,0
 076500 ,1      ,0
 076500 ,3      ,0
 076500 ,7      ,0
 076550 ,6      ,0
 076550 ,7      ,1
 076600 ,1      ,1
 076600 ,3      ,1
 076750 ,6      ,1
 076750 ,7      ,0
 077000 ,6      ,0
 077000 ,8      ,1
 077050 ,1      ,0
 077050 ,5      ,1
 077150 ,7      ,1
 077150 ,8      ,0
 077350 ,3      ,0
 077350 ,5      ,0
 077450 ,3      ,1
 077450 ,5      ,1
 077550 ,6      ,1
 077550 ,7      ,0
 077900 ,3      ,0
 077900 ,5      ,0
 077900 ,6      ,0
 077900 ,7      ,1
 078000 ,2      ,1
 078000 ,4      ,1
 078000 ,6      ,1
 078000 ,7      ,0
 078000 ,8      ,1
 078250 ,6      ,0
 078250 ,8      ,0
 078300 ,2      ,0
 078300 ,4      ,0
 078400 ,2      ,1
 078400 ,4      ,1
 078400 ,6      ,1
 078400 ,8      ,1
 078650 ,2      ,0
 078650 ,4      ,0
 078700 ,6      ,0
 078700 ,7      ,1
 078700 ,8      ,0
 078750 ,3      ,1
 078750 ,5      ,1
 078850 ,7      ,0
 078850 ,8      ,1
 079150 ,3      ,0
 079150 ,5      ,0
 079250 ,3      ,1
 079250 ,5      ,1
 079300 ,7      ,1
 079300 ,8      ,0
 079600 ,7      ,0
 079700 ,1      ,1
 079700 ,7      ,1
 079950 ,7      ,0
 079950 ,8      ,1
 080100 ,1      ,0
 080100 ,2      ,1
 080100 ,3      ,0
 080100 ,4      ,1
 080100 ,5      ,0
 080150 ,6      ,1
 080150 ,8      ,0
 080400 ,7      ,1
 080550 ,1      ,1
 080550 ,2      ,0
 080550 ,3      ,1
 080550 ,4      ,0
 080550 ,5      ,1
 080550 ,6      ,0
 080550 ,7      ,0
 080550 ,8      ,1
 080850 ,6      ,1
 080850 ,8      ,0
 080950 ,1      ,0
 080950 ,2      ,1
 080950 ,3      ,0
 080950 ,4      ,1
 080950 ,5      ,0
 081000 ,6      ,0
 081000 ,7      ,1
 081300 ,7      ,0
 081300 ,8      ,1
 081450 ,1      ,1
 081450 ,2      ,0
 081450 ,3      ,1
 081450 ,4      ,0
 081450 ,5      ,1
 081450 ,6      ,1
 081450 ,8      ,0
 081700 ,6      ,0
 081700 ,8      ,1
 081800 ,1      ,0
 081800 ,2      ,1
 081800 ,3      ,0
 081800 ,4      ,1
 081800 ,5      ,0
 081850 ,7      ,1
 081850 ,8      ,0
 082150 ,6      ,1
 082150 ,7      ,0
 082250 ,1      ,1
 082250 ,2      ,0
 082250 ,3      ,1
 082250 ,4      ,0
 082250 ,5      ,1
 082300 ,6      ,0
 082300 ,7      ,1
 082300 ,8      ,1
 082550 ,6      ,1
 082550 ,7      ,0
 082550 ,8      ,0
 082700 ,6      ,0
 082700 ,7      ,1
 082750 ,1      ,0
 082750 ,3      ,0
 082750 ,5      ,0
 082900 ,7      ,0
 083000 ,7      ,1
 083150 ,3      ,1
 083150 ,5      ,1
 083150 ,6      ,1
 083150 ,7      ,0
 083400 ,8      ,1
 083550 ,2      ,1
 083550 ,3      ,0
 083550 ,4      ,1
 083550 ,6      ,0
 083550 ,7      ,1
 083550 ,8      ,0
 084050 ,1      ,1
 084050 ,2      ,0
 084050 ,3      ,1
 084050 ,4      ,0
 084050 ,7      ,0
 084050 ,8      ,1
 084300 ,7      ,1
 084450 ,6      ,1
 084600 ,6      ,0
 084600 ,7      ,0
 084600 ,8      ,0
 084750 ,7      ,1
 084800 ,1      ,0
 084800 ,5      ,0
 084900 ,1      ,1
 084900 ,5      ,1
 084900 ,6      ,1
 084900 ,7      ,0
 084900 ,8      ,1
 085150 ,6      ,0
 085150 ,7      ,1
 085150 ,8      ,0
 085300 ,2      ,1
 085300 ,3      ,0
 085300 ,4      ,1
 085300 ,5      ,0
 085300 ,6      ,1
 085300 ,7      ,0
 085650 ,7      ,1
 085700 ,1      ,0
 085700 ,2      ,0
 085700 ,3      ,1
 085700 ,4      ,0
 085700 ,5      ,1
 085700 ,6      ,0
 086000 ,7      ,0
 086000 ,8      ,1
 086200 ,6      ,1
 086200 ,7      ,1
 086250 ,3      ,0
 086350 ,6      ,0
 086350 ,7      ,0
 086350 ,8      ,0
 086450 ,6      ,1
 086450 ,7      ,1
 086450 ,8      ,1
 086550 ,6      ,0
 086550 ,7      ,0
 086550 ,8      ,0
 086600 ,1      ,1
 086600 ,6      ,1
 086600 ,7      ,1
 086900 ,1      ,0
 086900 ,7      ,0
 087000 ,1      ,1
 087050 ,8      ,1
 087300 ,6      ,0
 087300 ,7      ,1
 087450 ,6      ,1
 087450 ,7      ,0
 087500 ,1      ,0
 087500 ,2      ,1
 087500 ,5      ,0
 087750 ,8      ,0
 087900 ,2      ,0
 087900 ,3      ,1
 087900 ,6      ,0
 087900 ,7      ,1
 087900 ,8      ,1
 088300 ,1      ,1
 088300 ,5      ,1
 088300 ,6      ,1
 088300 ,7      ,0
 088300 ,8      ,0
 088600 ,7      ,1
 088750 ,1      ,0
 088750 ,2      ,1
 088750 ,3      ,0
 088750 ,4      ,1
 088750 ,5      ,0
 088750 ,6      ,0
 088750 ,7      ,0
 088750 ,8      ,1
 089000 ,7      ,1
 089150 ,1      ,1
 089150 ,2      ,0
 089150 ,3      ,1
 089150 ,4      ,0
 089150 ,5      ,1
 089150 ,6      ,1
 089150 ,7      ,0
 089150 ,8      ,0
 089400 ,8      ,1
 089550 ,1      ,0
 089550 ,2      ,1
 089550 ,3      ,0
 089550 ,4      ,1
 089550 ,5      ,0
 089600 ,6      ,0
 089600 ,7      ,1
 089600 ,8      ,0
 089650 ,7      ,0
 089700 ,7      ,1
 089900 ,8      ,1
 090000 ,2      ,0
 090000 ,3      ,1
 090000 ,4      ,0
 090000 ,5      ,1
 090000 ,6      ,1
 090000 ,7      ,0
 090000 ,8      ,0
 090400 ,2      ,1
 090400 ,3      ,0
 090400 ,4      ,1
 090400 ,6      ,0
 090450 ,7      ,1
 090900 ,1      ,1
 090900 ,2      ,0
 090900 ,3      ,1
 090900 ,4      ,0
 090900 ,7      ,0
 090900 ,8      ,1
 091150 ,7      ,1
 091150 ,8      ,0
 091300 ,6      ,1
 091300 ,7      ,0
 091300 ,8      ,1
 091600 ,7      ,1
 091650 ,1      ,0
 091650 ,5      ,0
 091650 ,6      ,0
 091650 ,8      ,0
 091750 ,1      ,1
 091750 ,2      ,1
 091750 ,3      ,0
 091750 ,5      ,1
 091750 ,6      ,1
 091750 ,7      ,0
 091750 ,8      ,1
 091900 ,6      ,0
 091900 ,8      ,0
 092000 ,6      ,1
 092000 ,7      ,1
 092150 ,1      ,0
 092150 ,4      ,1
 092150 ,6      ,0
 092150 ,8      ,1
 092400 ,6      ,1
 092450 ,5      ,0
 092550 ,2      ,0
 092550 ,3      ,1
 092550 ,4      ,0
 092550 ,5      ,1
 092550 ,6      ,0
 092550 ,7      ,0
 092550 ,8      ,0
 092600 ,6      ,1
 092600 ,8      ,1
 093000 ,7      ,1
 093100 ,3      ,0
 093100 ,6      ,0
 093100 ,8      ,0
 093250 ,6      ,1
 093250 ,7      ,0
 093450 ,1      ,1
 093450 ,6      ,0
 093450 ,7      ,1
 093450 ,8      ,1
 093700 ,6      ,1
 093700 ,7      ,0
 093700 ,8      ,0
 093750 ,1      ,0
 093850 ,1      ,1
 093850 ,6      ,0
 093850 ,7      ,1
 093850 ,8      ,1
 094100 ,7      ,0
 094250 ,6      ,1
 094350 ,1      ,0
 094350 ,2      ,1
 094550 ,6      ,0
 094550 ,8      ,0
 094700 ,6      ,1
 094700 ,8      ,1
 094750 ,2      ,0
 094750 ,3      ,1
 095000 ,5      ,0
 095150 ,3      ,0
 095150 ,5      ,1
 095150 ,6      ,0
 095200 ,4      ,1
 095200 ,7      ,1
 095250 ,3      ,1
 095250 ,6      ,1
 095300 ,2      ,1
 095300 ,5      ,0
 095350 ,1      ,1
 095350 ,4      ,0
 095400 ,3      ,0
 095400 ,6      ,0
 095400 ,7      ,0
 095400 ,8      ,0
 095450 ,2      ,0
 095500 ,1      ,0
 095600 ,1      ,1
 095600 ,6      ,1
 095650 ,2      ,1
 095650 ,7      ,1
 095700 ,3      ,1
 095700 ,8      ,1
 095750 ,4      ,1
 095800 ,5      ,1
 095800 ,6      ,0
 095800 ,7      ,0
 095800 ,8      ,0
 096000 ,5      ,0
 096000 ,6      ,1
 096000 ,7      ,1
 096000 ,8      ,1
 096050 ,4      ,0
 096100 ,3      ,0
 096150 ,2      ,0
 096150 ,5      ,1
 096200 ,1      ,0
 096200 ,4      ,1
 096250 ,3      ,1
 096250 ,6      ,0
 096250 ,7      ,0
 096250 ,8      ,0
 096300 ,2      ,1
 096350 ,1      ,1
 096400 ,4      ,0
 096400 ,6      ,1
 096400 ,7      ,1
 096450 ,2      ,0
 096550 ,4      ,1
 096550 ,5      ,0
 096600 ,1      ,0
 096600 ,2      ,1
 096600 ,3      ,0
 096650 ,1      ,1
 096650 ,5      ,1
 096700 ,1      ,0
 096700 ,3      ,1
 096700 ,6      ,0
 096700 ,8      ,1
 096750 ,1      ,1
 096750 ,2      ,0
 096750 ,5      ,0
 096750 ,7      ,0
 096800 ,1      ,0
 096800 ,7      ,1
 096800 ,8      ,0
 096850 ,2      ,1
 096850 ,4      ,0
 096850 ,6      ,1
 096850 ,7      ,0
 096900 ,1      ,1
 096900 ,4      ,1
 096900 ,5      ,1
 096900 ,6      ,0
 096950 ,2      ,0
 096950 ,4      ,0
 096950 ,5      ,0
 096950 ,8      ,1
 097000 ,7      ,1
 097050 ,6      ,1
 097050 ,8      ,0
 097100 ,1      ,0
 097100 ,3      ,0
 097100 ,7      ,0
 097150 ,6      ,0
 097150 ,7      ,1
 097200 ,1      ,1
 097200 ,3      ,1
 097350 ,6      ,1
 097350 ,7      ,0
 097600 ,6      ,0
 097600 ,8      ,1
 097650 ,1      ,0
 097650 ,5      ,1
 097750 ,7      ,1
 097750 ,8      ,0
 097950 ,3      ,0
 097950 ,5      ,0
 098050 ,3      ,1
 098050 ,5      ,1
 098150 ,6      ,1
 098150 ,7      ,0
 098500 ,3      ,0
 098500 ,5      ,0
 098500 ,6      ,0
 098500 ,7      ,1
 098600 ,2      ,1
 098600 ,4      ,1
 098600 ,6      ,1
 098600 ,7      ,0
 098600 ,8      ,1
 098850 ,6      ,0
 098850 ,8      ,0
 098900 ,2      ,0
 098900 ,4      ,0
 099000 ,2      ,1
 099000 ,4      ,1
 099000 ,6      ,1
 099000 ,8      ,1
 099250 ,2      ,0
 099250 ,4      ,0
 099300 ,6      ,0
 099300 ,7      ,1
 099300 ,8      ,0
 099350 ,3      ,1
 099350 ,5      ,1
 099450 ,7      ,0
 099450 ,8      ,1
 099750 ,3      ,0
 099750 ,5      ,0
 099850 ,3      ,1
 099850 ,5      ,1
 099900 ,7      ,1
 099900 ,8      ,0
 100200 ,7      ,0
 100300 ,1      ,1
 100300 ,7      ,1
 100550 ,7      ,0
 100550 ,8      ,1
 100700 ,1      ,0
 100700 ,2      ,1
 100700 ,3      ,0
 100700 ,4      ,1
 100700 ,5      ,0
 100750 ,6      ,1
 100750 ,8      ,0
 101000 ,7      ,1
 101150 ,1      ,1
 101150 ,2      ,0
 101150 ,3      ,1
 101150 ,4      ,0
 101150 ,5      ,1
 101150 ,6      ,0
 101150 ,7      ,0
 101150 ,8      ,1
 101450 ,6      ,1
 101450 ,8      ,0
 101550 ,1      ,0
 101550 ,2      ,1
 101550 ,3      ,0
 101550 ,4      ,1
 101550 ,5      ,0
 101600 ,6      ,0
 101600 ,7      ,1
 101900 ,7      ,0
 101900 ,8      ,1
 102050 ,1      ,1
 102050 ,2      ,0
 102050 ,3      ,1
 102050 ,4      ,0
 102050 ,5      ,1
 102050 ,6      ,1
 102050 ,8      ,0
 102300 ,6      ,0
 102300 ,8      ,1
 102400 ,1      ,0
 102400 ,2      ,1
 102400 ,3      ,0
 102400 ,4      ,1
 102400 ,5      ,0
 102450 ,7      ,1
 102450 ,8      ,0
 102750 ,6      ,1
 102750 ,7      ,0
 102850 ,1      ,1
 102850 ,2      ,0
 102850 ,3      ,1
 102850 ,4      ,0
 102850 ,5      ,1
 102900 ,6      ,0
 102900 ,7      ,1
 102900 ,8      ,1
 103150 ,6      ,1
 103150 ,7      ,0
 103150 ,8      ,0
 103300 ,6      ,0
 103300 ,7      ,1
 103350 ,1      ,0
 103350 ,3      ,0
 103350 ,5      ,0
 103500 ,7      ,0
 103600 ,7      ,1
 103750 ,3      ,1
 103750 ,6      ,1
 103750 ,7      ,0
 104000 ,8      ,1
 104150 ,2      ,1
 104150 ,3      ,0
 104150 ,4      ,1
 104150 ,6      ,0
 104150 ,7      ,1
 104150 ,8      ,0
 104650 ,1      ,1
 104650 ,2      ,0
 104650 ,4      ,0
 104650 ,5      ,1
 104650 ,7      ,0
 104650 ,8      ,1
 104900 ,7      ,1
 105050 ,6      ,1
 105200 ,6      ,0
 105200 ,7      ,0
 105200 ,8      ,0
 105350 ,7      ,1
 105400 ,1      ,0
 105400 ,5      ,0
 105500 ,1      ,1
 105500 ,5      ,1
 105500 ,6      ,1
 105500 ,7      ,0
 105500 ,8      ,1
 105750 ,6      ,0
 105750 ,7      ,1
 105750 ,8      ,0
 105900 ,1      ,0
 105900 ,2      ,1
 105900 ,4      ,1
 105900 ,5      ,0
 105900 ,6      ,1
 105900 ,7      ,0
 106250 ,7      ,1
 106300 ,2      ,0
 106300 ,3      ,1
 106300 ,4      ,0
 106300 ,6      ,0
 106600 ,7      ,0
 106600 ,8      ,1
 106800 ,6      ,1
 106800 ,7      ,1
 106850 ,3      ,0
 106950 ,6      ,0
 106950 ,7      ,0
 106950 ,8      ,0
 107050 ,6      ,1
 107050 ,7      ,1
 107050 ,8      ,1
 107150 ,6      ,0
 107150 ,7      ,0
 107150 ,8      ,0
 107200 ,1      ,1
 107200 ,6      ,1
 107200 ,7      ,1
 107500 ,1      ,0
 107500 ,7      ,0
 107600 ,1      ,1
 107650 ,8      ,1
 107900 ,6      ,0
 107900 ,7      ,1
 108050 ,6      ,1
 108050 ,7      ,0
 108100 ,1      ,0
 108100 ,2      ,1
 108350 ,8      ,0
 108500 ,2      ,0
 108500 ,3      ,1
 108500 ,6      ,0
 108500 ,7      ,1
 108500 ,8      ,1
 108900 ,1      ,1
 108900 ,5      ,1
 108900 ,6      ,1
 108900 ,7      ,0
 108900 ,8      ,0
 109200 ,7      ,1
 109350 ,1      ,0
 109350 ,2      ,1
 109350 ,3      ,0
 109350 ,4      ,1
 109350 ,5      ,0
 109350 ,6      ,0
 109350 ,7      ,0
 109350 ,8      ,1
 109600 ,7      ,1
 109750 ,1      ,1
 109750 ,2      ,0
 109750 ,3      ,1
 109750 ,4      ,0
 109750 ,5      ,1
 109750 ,6      ,1
 109750 ,7      ,0
 109750 ,8      ,0
 110000 ,8      ,1
 110150 ,1      ,0
 110150 ,2      ,1
 110150 ,3      ,0
 110150 ,4      ,1
 110150 ,5      ,0
 110200 ,6      ,0
 110200 ,7      ,1
 110200 ,8      ,0
 110250 ,7      ,0
 110300 ,7      ,1
 110500 ,8      ,1
 110600 ,2      ,0
 110600 ,3      ,1
 110600 ,4      ,0
 110600 ,6      ,1
 110600 ,7      ,0
 110600 ,8      ,0
 111000 ,2      ,1
 111000 ,3      ,0
 111000 ,4      ,1
 111000 ,6      ,0
 111050 ,7      ,1
 111500 ,1      ,1
 111500 ,2      ,0
 111500 ,4      ,0
 111500 ,5      ,1
 111500 ,7      ,0
 111500 ,8      ,1
 111750 ,7      ,1
 111750 ,8      ,0
 111900 ,6      ,1
 111900 ,7      ,0
 111900 ,8      ,1
 112200 ,7      ,1
 112250 ,1      ,0
 112250 ,5      ,0
 112250 ,6      ,0
 112250 ,8      ,0
 112350 ,1      ,1
 112350 ,5      ,1
 112350 ,6      ,1
 112350 ,7      ,0
 112350 ,8      ,1
 112500 ,6      ,0
 112500 ,8      ,0
 112600 ,6      ,1
 112600 ,7      ,1
 112750 ,1      ,0
 112750 ,2      ,1
 112750 ,4      ,1
 112750 ,5      ,0
 112750 ,6      ,0
 112750 ,8      ,1
 113000 ,6      ,1
 113150 ,2      ,0
 113150 ,3      ,1
 113150 ,4      ,0
 113150 ,6      ,0
 113150 ,7      ,0
 113150 ,8      ,0
 113200 ,6      ,1
 113200 ,8      ,1
 113600 ,7      ,1
 113700 ,3      ,0
 113700 ,6      ,0
 113700 ,8      ,0
 113850 ,6      ,1
 113850 ,7      ,0
 114050 ,1      ,1
 114050 ,6      ,0
 114050 ,7      ,1
 114050 ,8      ,1
 114300 ,6      ,1
 114300 ,7      ,0
 114300 ,8      ,0
 114350 ,1      ,0
 114450 ,1      ,1
 114450 ,6      ,0
 114450 ,7      ,1
 114450 ,8      ,1
 114700 ,7      ,0
 114850 ,6      ,1
 114950 ,1      ,0
 114950 ,2      ,1
 115150 ,6      ,0
 115150 ,8      ,0
 115300 ,6      ,1
 115300 ,8      ,1
 115350 ,2      ,0
 115350 ,3      ,1
 115750 ,3      ,0
 115750 ,5      ,1
 115750 ,6      ,0
 115800 ,4      ,1
 115800 ,7      ,1
 115850 ,3      ,1
 115850 ,6      ,1
 115900 ,2      ,1
 115900 ,5      ,0
 115950 ,1      ,1
 115950 ,4      ,0
 116000 ,3      ,0
 116000 ,6      ,0
 116000 ,7      ,0
 116000 ,8      ,0
 116050 ,2      ,0
 116100 ,1      ,0
 116200 ,1      ,1
 116200 ,6      ,1
 116250 ,2      ,1
 116250 ,7      ,1
 116300 ,3      ,1
 116300 ,8      ,1
 116350 ,4      ,1
 116400 ,5      ,1
 116400 ,6      ,0
 116400 ,7      ,0
 116400 ,8      ,0
 116600 ,5      ,0
 116600 ,6      ,1
 116600 ,7      ,1
 116600 ,8      ,1
 116650 ,4      ,0
 116700 ,3      ,0
 116750 ,2      ,0
 116750 ,5      ,1
 116800 ,1      ,0
 116800 ,4      ,1
 116850 ,3      ,1
 116850 ,6      ,0
 116850 ,7      ,0
 116850 ,8      ,0
 116900 ,2      ,1
 116950 ,1      ,1
 117000 ,4      ,0
 117000 ,6      ,1
 117000 ,7      ,1
 117050 ,2      ,0
 117150 ,4      ,1
 117150 ,5      ,0
 117200 ,1      ,0
 117200 ,2      ,1
 117200 ,3      ,0
 117250 ,1      ,1
 117250 ,5      ,1
 117300 ,1      ,0
 117300 ,3      ,1
 117300 ,6      ,0
 117300 ,8      ,1
 117350 ,1      ,1
 117350 ,2      ,0
 117350 ,5      ,0
 117350 ,7      ,0
 117400 ,1      ,0
 117400 ,3      ,0
 117400 ,6      ,1
 117400 ,7      ,1
 117400 ,8      ,0
 117500 ,7      ,0
 117500 ,8      ,1
 117550 ,3      ,1
 117550 ,4      ,0
 117550 ,7      ,1
 117600 ,6      ,0
 117700 ,3      ,0
 117700 ,4      ,1
 117700 ,6      ,1
 117700 ,7      ,0
 117750 ,7      ,1
 117750 ,8      ,0
 117800 ,6      ,0
 117800 ,7      ,0
 117800 ,8      ,1
 117850 ,6      ,1
 117850 ,7      ,1
 117900 ,3      ,1
 117900 ,4      ,0
 117900 ,7      ,0
 117950 ,7      ,1
 118000 ,2      ,1
 118000 ,3      ,0
 118100 ,8      ,0
 118150 ,2      ,0
 118150 ,3      ,1
 118150 ,7      ,0
 118150 ,8      ,1
 118200 ,7      ,1
 118200 ,8      ,0
 118250 ,8      ,1
 118300 ,2      ,1
 118300 ,3      ,0
 118300 ,6      ,0
 118300 ,7      ,0
 118350 ,6      ,1
 118350 ,7      ,1
 118350 ,8      ,0
 118400 ,8      ,1
 118450 ,1      ,1
 118450 ,2      ,0
 118600 ,1      ,0
 118600 ,3      ,1
 118600 ,6      ,0
 118600 ,7      ,0
 118650 ,6      ,1
 118650 ,8      ,0
 118700 ,2      ,1
 118700 ,3      ,0
 118700 ,7      ,1
 118700 ,8      ,1
 118850 ,2      ,0
 118850 ,3      ,1
 118900 ,6      ,0
 118900 ,7      ,0
 118950 ,6      ,1
 118950 ,7      ,1
 119000 ,2      ,1
 119000 ,3      ,0
 119000 ,7      ,0
 119050 ,6      ,0
 119050 ,7      ,1
 119050 ,8      ,0
 119100 ,2      ,0
 119100 ,5      ,1
 119100 ,7      ,0
 119100 ,8      ,1
 119150 ,4      ,1
 119150 ,7      ,1
 119200 ,3      ,1
 119200 ,5      ,0
 119200 ,6      ,1
 119200 ,8      ,0
 119250 ,2      ,1
 119250 ,4      ,0
 119250 ,7      ,0
 119300 ,1      ,1
 119300 ,6      ,0
 119350 ,2      ,0
 119600 ,1      ,0
 119600 ,3      ,0
 119600 ,5      ,1
 119600 ,8      ,1
 119650 ,4      ,1
 119650 ,7      ,1
 119700 ,3      ,1
 119700 ,5      ,0
 119700 ,6      ,1
 119700 ,8      ,0
 119750 ,2      ,1
 119750 ,7      ,0
 119800 ,1      ,1
 119800 ,3      ,0
 119800 ,6      ,0
 119900 ,1      ,0
 120000 ,2      ,0
 120000 ,4      ,0
 120000 ,5      ,1
 120000 ,8      ,1
 120050 ,4      ,1
 120050 ,7      ,1
 120100 ,3      ,1
 120100 ,6      ,1
 120100 ,8      ,0
 120150 ,2      ,1
 120150 ,4      ,0
 120150 ,7      ,0
 120200 ,1      ,1
 120250 ,2      ,0
 120300 ,1      ,0
 120400 ,6      ,0
 120400 ,7      ,1
 120400 ,8      ,1
 120800 ,3      ,0
 120800 ,4      ,1
 120800 ,5      ,0
 120800 ,7      ,0
 120800 ,8      ,0
 120850 ,6      ,1
 120900 ,7      ,1
 120950 ,3      ,1
 120950 ,4      ,0
 120950 ,6      ,0
 120950 ,7      ,0
 120950 ,8      ,1
 121000 ,6      ,1
 121000 ,7      ,1
 121100 ,3      ,0
 121100 ,4      ,1
 121100 ,8      ,0
 121150 ,8      ,1
 121200 ,6      ,0
 121200 ,8      ,0
 121300 ,3      ,1
 121300 ,4      ,0
 121300 ,6      ,1
 121300 ,8      ,1
 121350 ,7      ,0
 121400 ,2      ,1
 121400 ,3      ,0
 121400 ,8      ,0
 121500 ,6      ,0
 121500 ,7      ,1
 121550 ,2      ,0
 121550 ,3      ,1
 121600 ,6      ,1
 121600 ,8      ,1
 121650 ,6      ,0
 121650 ,7      ,0
 121700 ,2      ,1
 121700 ,3      ,0
 121700 ,6      ,1
 121750 ,6      ,0
 121800 ,6      ,1
 121800 ,7      ,1
 121850 ,1      ,1
 121850 ,2      ,0
 121900 ,6      ,0
 121900 ,7      ,0
 121950 ,7      ,1
 121950 ,8      ,0
 122000 ,1      ,0
 122000 ,3      ,1
 122000 ,6      ,1
 122000 ,8      ,1
 122050 ,6      ,0
 122100 ,2      ,1
 122100 ,3      ,0
 122100 ,6      ,1
 122100 ,8      ,0
 122200 ,6      ,0
 122200 ,7      ,0
 122200 ,8      ,1
 122250 ,2      ,0
 122250 ,3      ,1
 122250 ,6      ,1
 122250 ,7      ,1
 122300 ,7      ,0
 122350 ,6      ,0
 122350 ,7      ,1
 122400 ,2      ,1
 122400 ,3      ,0
 122400 ,7      ,0
 122400 ,8      ,0
 122500 ,2      ,0
 122500 ,5      ,1
 122500 ,8      ,1
 122550 ,4      ,1
 122550 ,7      ,1
 122600 ,3      ,1
 122600 ,5      ,0
 122600 ,6      ,1
 122600 ,8      ,0
 122650 ,2      ,1
 122650 ,4      ,0
 122650 ,7      ,0
 122700 ,1      ,1
 122700 ,6      ,0
 122750 ,2      ,0
 123000 ,1      ,0
 123000 ,3      ,0
 123000 ,5      ,1
 123000 ,8      ,1
 123050 ,4      ,1
 123050 ,7      ,1
 123100 ,3      ,1
 123100 ,6      ,1
 123100 ,8      ,0
 123150 ,2      ,1
 123150 ,4      ,0
 123150 ,7      ,0
 123200 ,1      ,1
 123200 ,6      ,0
 123250 ,2      ,0
 123300 ,1      ,0
 123400 ,3      ,0
 123400 ,8      ,1
 123450 ,4      ,1
 123450 ,7      ,1
 123500 ,3      ,1
 123500 ,5      ,0
 123500 ,6      ,1
 123500 ,8      ,0
 123550 ,2      ,1
 123550 ,7      ,0
 123600 ,1      ,1
 123600 ,3      ,0
 123700 ,1      ,0
 123800 ,6      ,0
 123800 ,7      ,1
 123800 ,8      ,1
 124150 ,1      ,1
 124200 ,1      ,0
 124200 ,2      ,0
 124200 ,7      ,0
 124200 ,8      ,0
 124300 ,6      ,1
 124350 ,7      ,1
 124400 ,3      ,1
 124400 ,4      ,0
 124400 ,6      ,0
 124400 ,7      ,0
 124400 ,8      ,1
 124450 ,6      ,1
 124450 ,7      ,1
 124550 ,3      ,0
 124550 ,4      ,1
 124550 ,8      ,0
 124600 ,8      ,1
 124650 ,6      ,0
 124650 ,8      ,0
 124750 ,3      ,1
 124750 ,4      ,0
 124750 ,6      ,1
 124750 ,8      ,1
 124800 ,7      ,0
 124850 ,2      ,1
 124850 ,3      ,0
 124850 ,8      ,0
 124950 ,6      ,0
 124950 ,7      ,1
 125000 ,2      ,0
 125000 ,3      ,1
 125050 ,6      ,1
 125050 ,8      ,1
 125100 ,6      ,0
 125100 ,7      ,0
 125150 ,2      ,1
 125150 ,3      ,0
 125150 ,6      ,1
 125200 ,6      ,0
 125250 ,6      ,1
 125250 ,7      ,1
 125300 ,1      ,1
 125300 ,2      ,0
 125350 ,6      ,0
 125350 ,7      ,0
 125400 ,7      ,1
 125400 ,8      ,0
 125450 ,1      ,0
 125450 ,3      ,1
 125450 ,6      ,1
 125450 ,8      ,1
 125500 ,6      ,0
 125550 ,2      ,1
 125550 ,3      ,0
 125550 ,6      ,1
 125550 ,8      ,0
 125650 ,6      ,0
 125650 ,7      ,0
 125650 ,8      ,1
 125700 ,2      ,0
 125700 ,3      ,1
 125700 ,6      ,1
 125700 ,7      ,1
 125750 ,7      ,0
 125800 ,6      ,0
 125800 ,7      ,1
 125850 ,2      ,1
 125850 ,3      ,0
 125850 ,7      ,0
 125850 ,8      ,0
 125950 ,2      ,0
 125950 ,5      ,1
 125950 ,8      ,1
 126000 ,4      ,1
 126000 ,7      ,1
 126050 ,3      ,1
 126050 ,5      ,0
 126050 ,6      ,1
 126050 ,8      ,0
 126100 ,2      ,1
 126100 ,4      ,0
 126100 ,7      ,0
 126150 ,1      ,1
 126150 ,6      ,0
 126200 ,2      ,0
 126450 ,1      ,0
 126450 ,3      ,0
 126450 ,5      ,1
 126450 ,8      ,1
 126500 ,4      ,1
 126500 ,7      ,1
 126550 ,3      ,1
 126550 ,5      ,0
 126550 ,6      ,1
 126550 ,8      ,0
 126600 ,2      ,1
 126600 ,7      ,0
 126650 ,1      ,1
 126650 ,3      ,0
 126650 ,6      ,0
 126750 ,1      ,0
 126850 ,8      ,1
 126900 ,2      ,0
 126900 ,4      ,0
 126900 ,5      ,1
 126900 ,7      ,1
 126950 ,4      ,1
 126950 ,6      ,1
 126950 ,8      ,0
 127000 ,3      ,1
 127000 ,7      ,0
 127050 ,2      ,1
 127050 ,4      ,0
 127100 ,1      ,1
 127150 ,2      ,0
 127200 ,1      ,0
 127250 ,6      ,0
 127250 ,7      ,1
 127250 ,8      ,1
 127700 ,3      ,0
 127700 ,4      ,1
 127700 ,5      ,0
 127700 ,7      ,0
 127700 ,8      ,0
 127750 ,6      ,1
 127800 ,7      ,1
 127850 ,3      ,1
 127850 ,4      ,0
 127850 ,6      ,0
 127850 ,7      ,0
 127850 ,8      ,1
 127900 ,6      ,1
 127900 ,7      ,1
 128000 ,3      ,0
 128000 ,4      ,1
 128000 ,8      ,0
 128050 ,8      ,1
 128100 ,6      ,0
 128100 ,8      ,0
 128200 ,3      ,1
 128200 ,4      ,0
 128200 ,6      ,1
 128200 ,8      ,1
 128250 ,7      ,0
 128300 ,2      ,1
 128300 ,3      ,0
 128300 ,8      ,0
 128400 ,6      ,0
 128400 ,7      ,1
 128450 ,2      ,0
 128450 ,3      ,1
 128500 ,6      ,1
 128500 ,8      ,1
 128550 ,6      ,0
 128550 ,7      ,0
 128600 ,2      ,1
 128600 ,3      ,0
 128600 ,6      ,1
 128650 ,6      ,0
 128700 ,6      ,1
 128700 ,7      ,1
 128750 ,1      ,1
 128750 ,2      ,0
 128800 ,6      ,0
 128800 ,7      ,0
 128850 ,7      ,1
 128850 ,8      ,0
 128900 ,1      ,0
 128900 ,3      ,1
 128900 ,6      ,1
 128900 ,8      ,1
 128950 ,6      ,0
 129000 ,2      ,1
 129000 ,3      ,0
 129000 ,6      ,1
 129000 ,8      ,0
 129100 ,6      ,0
 129100 ,7      ,0
 129100 ,8      ,1
 129150 ,2      ,0
 129150 ,3      ,1
 129150 ,6      ,1
 129150 ,7      ,1
 129200 ,7      ,0
 129250 ,6      ,0
 129250 ,7      ,1
 129300 ,2      ,1
 129300 ,3      ,0
 129300 ,7      ,0
 129300 ,8      ,0
 129400 ,2      ,0
 129400 ,4      ,1
 129400 ,5      ,1
 129400 ,8      ,1
 129450 ,7      ,1
 129500 ,6      ,1
 129500 ,8      ,0
 129550 ,2      ,1
 129550 ,3      ,1
 129550 ,7      ,0
 129600 ,6      ,0
 129700 ,2      ,0
 129700 ,3      ,0
 129850 ,3      ,1
 129850 ,8      ,1
 129900 ,7      ,1
 129950 ,6      ,1
 130000 ,3      ,0
 130000 ,4      ,0
 130000 ,8      ,0
 130050 ,7      ,0
 130100 ,6      ,0
 130150 ,3      ,1
 130150 ,4      ,1
 130300 ,2      ,1
 130300 ,8      ,1
 130350 ,2      ,0
 130350 ,7      ,1
 130400 ,1      ,1
 130400 ,3      ,0
 130400 ,6      ,1
 130400 ,8      ,0
 130450 ,2      ,1
 130450 ,4      ,0
 130450 ,7      ,0
 130500 ,3      ,1
 130500 ,5      ,0
 130550 ,4      ,1
 130600 ,5      ,1
 130650 ,1      ,0
 130650 ,2      ,0
 130650 ,3      ,0
 130650 ,4      ,0
 130650 ,5      ,0
 130700 ,1      ,1
 130700 ,2      ,1
 130700 ,3      ,1
 130700 ,4      ,1
 130700 ,5      ,1
 130700 ,6      ,0
 130700 ,7      ,1
 130700 ,8      ,1
 131050 ,2      ,0
 131050 ,3      ,0
 131050 ,4      ,0
 131050 ,5      ,0
 131050 ,7      ,0
 131050 ,8      ,0
 131100 ,2      ,1
 131150 ,3      ,1
 131200 ,1      ,0
 131200 ,4      ,1
 131250 ,2      ,0
 131250 ,5      ,1
 131300 ,3      ,0
 131900 ,1      ,1
 131950 ,2      ,1
 132000 ,3      ,1
 132050 ,1      ,0
 132100 ,2      ,0
 132750 ,1      ,1
 132800 ,2      ,1
 133550 ,1      ,0
 133550 ,6      ,1
 133600 ,2      ,0
 133600 ,6      ,0
 133600 ,7      ,1
 133650 ,3      ,0
 133650 ,7      ,0
 133650 ,8      ,1
 133700 ,1      ,1
 133700 ,4      ,0
 133700 ,6      ,1
 133700 ,8      ,0
 133750 ,2      ,1
 133750 ,5      ,0
 133750 ,6      ,0
 133750 ,7      ,1
 133800 ,3      ,1
 133800 ,6      ,1
 133800 ,7      ,0
 133800 ,8      ,1
 133850 ,4      ,1
 133850 ,6      ,0
 133850 ,7      ,1
 133850 ,8      ,0
 133900 ,5      ,1
 133900 ,6      ,1
 133900 ,7      ,0
 133950 ,6      ,0
 133950 ,8      ,1
 134000 ,7      ,1
 134000 ,8      ,0
 134050 ,6      ,1
 134050 ,7      ,0
 134050 ,8      ,1
 134100 ,7      ,1
 134100 ,8      ,0
 134150 ,6      ,0
 134200 ,1      ,0
 134200 ,2      ,0
 134200 ,3      ,0
 134200 ,4      ,0
 134200 ,5      ,0
 134200 ,7      ,0
 134400 ,1      ,1
 134400 ,6      ,1
 134450 ,2      ,1
 134500 ,3      ,1
 134550 ,1      ,0
 134550 ,4      ,1
 134600 ,2      ,0
 134600 ,5      ,1
 134650 ,3      ,0
 135250 ,1      ,1
 135250 ,6      ,0
 135250 ,7      ,1
 135300 ,2      ,1
 135350 ,3      ,1
 135400 ,1      ,0
 135450 ,2      ,0
 136100 ,1      ,1
 136100 ,7      ,0
 136100 ,8      ,1
 136150 ,2      ,1
 136900 ,1      ,0
 136900 ,6      ,1
 136900 ,8      ,0
 136950 ,2      ,0
 136950 ,6      ,0
 136950 ,7      ,1
 137000 ,3      ,0
 137000 ,7      ,0
 137000 ,8      ,1
 137050 ,1      ,1
 137050 ,4      ,0
 137050 ,6      ,1
 137050 ,8      ,0
 137100 ,2      ,1
 137100 ,5      ,0
 137100 ,6      ,0
 137100 ,7      ,1
 137150 ,3      ,1
 137150 ,6      ,1
 137150 ,7      ,0
 137150 ,8      ,1
 137200 ,4      ,1
 137200 ,6      ,0
 137200 ,7      ,1
 137200 ,8      ,0
 137250 ,5      ,1
 137250 ,6      ,1
 137250 ,7      ,0
 137300 ,6      ,0
 137300 ,8      ,1
 137350 ,6      ,1
 137350 ,7      ,1
 137400 ,6      ,0
 137400 ,7      ,0
 137400 ,8      ,0
 137450 ,1      ,0
 137450 ,2      ,0
 137450 ,3      ,0
 137450 ,4      ,0
 137450 ,5      ,0
 137450 ,6      ,1
 137450 ,7      ,1
 137450 ,8      ,1
 137550 ,6      ,0
 137550 ,7      ,0
 137550 ,8      ,0
 137700 ,6      ,1
 137900 ,1      ,1
 137900 ,3      ,1
 137900 ,6      ,0
 137900 ,8      ,1
 137950 ,7      ,1
 138000 ,6      ,1
 138000 ,8      ,0
 138050 ,1      ,0
 138050 ,3      ,0
 138050 ,7      ,0
 138100 ,6      ,0
 138100 ,7      ,1
 138150 ,1      ,1
 138150 ,3      ,1
 138300 ,6      ,1
 138300 ,7      ,0
 138550 ,6      ,0
 138550 ,8      ,1
 138600 ,1      ,0
 138600 ,5      ,1
 138700 ,7      ,1
 138700 ,8      ,0
 138900 ,3      ,0
 138900 ,5      ,0
 139000 ,3      ,1
 139000 ,5      ,1
 139100 ,6      ,1
 139100 ,7      ,0
 139450 ,3      ,0
 139450 ,5      ,0
 139450 ,6      ,0
 139450 ,7      ,1
 139550 ,2      ,1
 139550 ,4      ,1
 139550 ,6      ,1
 139550 ,7      ,0
 139550 ,8      ,1
 139800 ,6      ,0
 139800 ,8      ,0
 139850 ,2      ,0
 139850 ,4      ,0
 139950 ,2      ,1
 139950 ,4      ,1
 139950 ,6      ,1
 139950 ,8      ,1
 140200 ,2      ,0
 140200 ,4      ,0
 140250 ,6      ,0
 140250 ,7      ,1
 140250 ,8      ,0
 140300 ,3      ,1
 140300 ,5      ,1
 140400 ,7      ,0
 140400 ,8      ,1
 140700 ,3      ,0
 140700 ,5      ,0
 140800 ,3      ,1
 140800 ,5      ,1
 140850 ,7      ,1
 140850 ,8      ,0
 141150 ,7      ,0
 141250 ,1      ,1
 141250 ,7      ,1
 141500 ,7      ,0
 141500 ,8      ,1
 141650 ,1      ,0
 141650 ,2      ,1
 141650 ,3      ,0
 141650 ,4      ,1
 141650 ,5      ,0
 141700 ,6      ,1
 141700 ,8      ,0
 141950 ,7      ,1
 142100 ,1      ,1
 142100 ,2      ,0
 142100 ,3      ,1
 142100 ,4      ,0
 142100 ,5      ,1
 142100 ,6      ,0
 142100 ,7      ,0
 142100 ,8      ,1
 142400 ,6      ,1
 142400 ,8      ,0
 142500 ,1      ,0
 142500 ,2      ,1
 142500 ,3      ,0
 142500 ,4      ,1
 142500 ,5      ,0
 142550 ,6      ,0
 142550 ,7      ,1
 142850 ,7      ,0
 142850 ,8      ,1
 143000 ,1      ,1
 143000 ,2      ,0
 143000 ,3      ,1
 143000 ,4      ,0
 143000 ,5      ,1
 143000 ,6      ,1
 143000 ,8      ,0
 143250 ,6      ,0
 143250 ,8      ,1
 143350 ,1      ,0
 143350 ,2      ,1
 143350 ,3      ,0
 143350 ,4      ,1
 143350 ,5      ,0
 143400 ,7      ,1
 143400 ,8      ,0
 143700 ,6      ,1
 143700 ,7      ,0
 143800 ,1      ,1
 143800 ,2      ,0
 143800 ,3      ,1
 143800 ,4      ,0
 143800 ,5      ,1
 143850 ,6      ,0
 143850 ,7      ,1
 143850 ,8      ,1
 144100 ,6      ,1
 144100 ,7      ,0
 144100 ,8      ,0
 144250 ,6      ,0
 144250 ,7      ,1
 144300 ,1      ,0
 144300 ,3      ,0
 144300 ,5      ,0
 144450 ,7      ,0
 144550 ,7      ,1
 144700 ,3      ,1
 144700 ,6      ,1
 144700 ,7      ,0
 144950 ,8      ,1
 145100 ,2      ,1
 145100 ,3      ,0
 145100 ,4      ,1
 145100 ,6      ,0
 145100 ,7      ,1
 145100 ,8      ,0
 145600 ,1      ,1
 145600 ,2      ,0
 145600 ,4      ,0
 145600 ,5      ,1
 145600 ,7      ,0
 145600 ,8      ,1
 145850 ,7      ,1
 146000 ,6      ,1
 146150 ,6      ,0
 146150 ,7      ,0
 146150 ,8      ,0
 146300 ,7      ,1
 146350 ,1      ,0
 146350 ,5      ,0
 146450 ,1      ,1
 146450 ,5      ,1
 146450 ,6      ,1
 146450 ,7      ,0
 146450 ,8      ,1
 146700 ,6      ,0
 146700 ,7      ,1
 146700 ,8      ,0
 146850 ,1      ,0
 146850 ,2      ,1
 146850 ,4      ,1
 146850 ,5      ,0
 146850 ,6      ,1
 146850 ,7      ,0
 147200 ,7      ,1
 147250 ,2      ,0
 147250 ,3      ,1
 147250 ,4      ,0
 147250 ,6      ,0
 147550 ,7      ,0
 147550 ,8      ,1
 147750 ,6      ,1
 147750 ,7      ,1
 147800 ,3      ,0
 147900 ,6      ,0
 147900 ,7      ,0
 147900 ,8      ,0
 148000 ,6      ,1
 148000 ,7      ,1
 148000 ,8      ,1
 148100 ,6      ,0
 148100 ,7      ,0
 148100 ,8      ,0
 148150 ,1      ,1
 148150 ,6      ,1
 148150 ,7      ,1
 148450 ,1      ,0
 148450 ,7      ,0
 148550 ,1      ,1
 148600 ,8      ,1
 148850 ,6      ,0
 148850 ,7      ,1
 149000 ,6      ,1
 149000 ,7      ,0
 149050 ,1      ,0
 149050 ,2      ,1
 149300 ,8      ,0
 149450 ,2      ,0
 149450 ,3      ,1
 149450 ,6      ,0
 149450 ,7      ,1
 149450 ,8      ,1
 149850 ,1      ,1
 149850 ,5      ,1
 149850 ,6      ,1
 149850 ,7      ,0
 149850 ,8      ,0
 150150 ,7      ,1
 150300 ,1      ,0
 150300 ,2      ,1
 150300 ,3      ,0
 150300 ,4      ,1
 150300 ,5      ,0
 150300 ,6      ,0
 150300 ,7      ,0
 150300 ,8      ,1
 150550 ,7      ,1
 150700 ,1      ,1
 150700 ,2      ,0
 150700 ,3      ,1
 150700 ,4      ,0
 150700 ,5      ,1
 150700 ,6      ,1
 150700 ,7      ,0
 150700 ,8      ,0
 150950 ,8      ,1
 151100 ,1      ,0
 151100 ,2      ,1
 151100 ,3      ,0
 151100 ,4      ,1
 151100 ,5      ,0
 151150 ,6      ,0
 151150 ,7      ,1
 151150 ,8      ,0
 151200 ,7      ,0
 151250 ,7      ,1
 151450 ,8      ,1
 151550 ,2      ,0
 151550 ,3      ,1
 151550 ,4      ,0
 151550 ,6      ,1
 151550 ,7      ,0
 151550 ,8      ,0
 151950 ,2      ,1
 151950 ,3      ,0
 151950 ,4      ,1
 151950 ,6      ,0
 152000 ,7      ,1
 152450 ,1      ,1
 152450 ,2      ,0
 152450 ,4      ,0
 152450 ,5      ,1
 152450 ,7      ,0
 152450 ,8      ,1
 152700 ,7      ,1
 152700 ,8      ,0
 152850 ,6      ,1
 152850 ,7      ,0
 152850 ,8      ,1
 153150 ,7      ,1
 153200 ,1      ,0
 153200 ,5      ,0
 153200 ,6      ,0
 153200 ,8      ,0
 153300 ,1      ,1
 153300 ,5      ,1
 153300 ,6      ,1
 153300 ,7      ,0
 153300 ,8      ,1
 153450 ,6      ,0
 153450 ,8      ,0
 153550 ,6      ,1
 153550 ,7      ,1
 153700 ,1      ,0
 153700 ,2      ,1
 153700 ,4      ,1
 153700 ,5      ,0
 153700 ,6      ,0
 153700 ,8      ,1
 153950 ,6      ,1
 154100 ,2      ,0
 154100 ,3      ,1
 154100 ,4      ,0
 154100 ,6      ,0
 154100 ,7      ,0
 154100 ,8      ,0
 154150 ,6      ,1
 154150 ,8      ,1
 154550 ,7      ,1
 154650 ,3      ,0
 154650 ,6      ,0
 154650 ,8      ,0
 154800 ,6      ,1
 154800 ,7      ,0
 155000 ,1      ,1
 155000 ,6      ,0
 155000 ,7      ,1
 155000 ,8      ,1
 155250 ,6      ,1
 155250 ,7      ,0
 155250 ,8      ,0
 155300 ,1      ,0
 155400 ,1      ,1
 155400 ,6      ,0
 155400 ,7      ,1
 155400 ,8      ,1
 155650 ,7      ,0
 155800 ,6      ,1
 155900 ,1      ,0
 155900 ,2      ,1
 156100 ,6      ,0
 156100 ,8      ,0
 156250 ,6      ,1
 156250 ,8      ,1
 156300 ,2      ,0
 156300 ,3      ,1
 156700 ,3      ,0
 156700 ,5      ,1
 156700 ,6      ,0
 156750 ,4      ,1
 156750 ,7      ,1
 156800 ,3      ,1
 156800 ,6      ,1
 156850 ,2      ,1
 156850 ,5      ,0
 156900 ,1      ,1
 156900 ,4      ,0
 156950 ,3      ,0
 156950 ,6      ,0
 156950 ,7      ,0
 156950 ,8      ,0
 157000 ,2      ,0
 157050 ,1      ,0
 157150 ,1      ,1
 157150 ,6      ,1
 157200 ,2      ,1
 157200 ,7      ,1
 157250 ,3      ,1
 157250 ,8      ,1
 157300 ,4      ,1
 157350 ,5      ,1
 157350 ,6      ,0
 157350 ,7      ,0
 157350 ,8      ,0
 157550 ,5      ,0
 157550 ,6      ,1
 157550 ,7      ,1
 157550 ,8      ,1
 157600 ,4      ,0
 157650 ,3      ,0
 157700 ,2      ,0
 157700 ,5      ,1
 157750 ,1      ,0
 157750 ,4      ,1
 157800 ,3      ,1
 157800 ,6      ,0
 157800 ,7      ,0
 157800 ,8      ,0
 157850 ,2      ,1
 157900 ,1      ,1
 157950 ,4      ,0
 157950 ,6      ,1
 157950 ,7      ,1
 158000 ,2      ,0
 158100 ,4      ,1
 158100 ,5      ,0
 158150 ,1      ,0
 158150 ,2      ,1
 158150 ,3      ,0
 158200 ,1      ,1
 158200 ,5      ,1
 158250 ,1      ,0
 158250 ,3      ,1
 158250 ,6      ,0
 158250 ,8      ,1
 158300 ,1      ,1
 158300 ,2      ,0
 158300 ,5      ,0
 158300 ,7      ,0
 158350 ,1      ,0
 158350 ,7      ,1
 158350 ,8      ,0
 158400 ,2      ,1
 158400 ,4      ,0
 158400 ,6      ,1
 158400 ,7      ,0
 158450 ,1      ,1
 158450 ,4      ,1
 158450 ,5      ,1
 158450 ,6      ,0
 158500 ,2      ,0
 158500 ,4      ,0
 158500 ,5      ,0
 158500 ,8      ,1
 158550 ,7      ,1
 158600 ,6      ,1
 158600 ,8      ,0
 158650 ,7      ,0
 158700 ,6      ,0
 158700 ,7      ,1
 158900 ,1      ,0
 158900 ,2      ,1
 158900 ,3      ,0
 158900 ,4      ,1
 158900 ,6      ,1
 158900 ,7      ,0
 159150 ,6      ,0
 159150 ,8      ,1
 159300 ,2      ,0
 159300 ,3      ,1
 159300 ,4      ,0
 159300 ,5      ,1
 159300 ,7      ,1
 159300 ,8      ,0
 159700 ,2      ,1
 159700 ,3      ,0
 159700 ,4      ,1
 159700 ,5      ,0
 159700 ,6      ,1
 159700 ,7      ,0
 160050 ,6      ,0
 160050 ,7      ,1
 160150 ,1      ,1
 160150 ,2      ,0
 160150 ,3      ,1
 160150 ,4      ,0
 160150 ,6      ,1
 160150 ,8      ,1
 160450 ,6      ,0
 160450 ,7      ,0
 160450 ,8      ,0
 160550 ,1      ,0
 160550 ,2      ,1
 160550 ,3      ,0
 160550 ,4      ,1
 160550 ,6      ,1
 160550 ,7      ,1
 160550 ,8      ,1
 160850 ,6      ,0
 160850 ,8      ,0
 161000 ,2      ,0
 161000 ,3      ,1
 161000 ,4      ,0
 161000 ,5      ,1
 161000 ,6      ,1
 161000 ,7      ,0
 161000 ,8      ,1
 161300 ,6      ,0
 161450 ,7      ,1
 161450 ,8      ,0
 161650 ,3      ,0
 161650 ,5      ,0
 161750 ,7      ,0
 161850 ,3      ,1
 161850 ,7      ,1
 162100 ,7      ,0
 162100 ,8      ,1
 162250 ,2      ,1
 162250 ,4      ,1
 162300 ,6      ,1
 162300 ,8      ,0
 162600 ,7      ,1
 162700 ,6      ,0
 162750 ,2      ,0
 162750 ,4      ,0
 162750 ,7      ,0
 162750 ,8      ,1
 163000 ,6      ,1
 163000 ,8      ,0
 163200 ,2      ,1
 163200 ,4      ,1
 163200 ,6      ,0
 163200 ,7      ,1
 163450 ,7      ,0
 163450 ,8      ,1
 163600 ,1      ,1
 163600 ,2      ,0
 163600 ,3      ,0
 163600 ,4      ,0
 163600 ,5      ,1
 163600 ,6      ,1
 163600 ,8      ,0
 163850 ,6      ,0
 163850 ,8      ,1
 163900 ,1      ,0
 163900 ,2      ,1
 163900 ,3      ,1
 163900 ,4      ,1
 163900 ,5      ,0
 164000 ,7      ,1
 164000 ,8      ,0
 164300 ,6      ,1
 164300 ,7      ,0
 164450 ,2      ,0
 164450 ,4      ,0
 164450 ,6      ,0
 164450 ,7      ,1
 164450 ,8      ,1
 164500 ,2      ,1
 164500 ,4      ,1
 164550 ,1      ,1
 164550 ,5      ,1
 164700 ,6      ,1
 164700 ,7      ,0
 164700 ,8      ,0
 164850 ,6      ,0
 164850 ,7      ,1
 164850 ,8      ,1
 165000 ,1      ,0
 165000 ,2      ,0
 165000 ,3      ,0
 165000 ,4      ,0
 165000 ,5      ,0
 165050 ,7      ,0
 165150 ,7      ,1
 165300 ,6      ,1
 165300 ,7      ,0
 165300 ,8      ,0
 165650 ,6      ,0
 165750 ,6      ,1
 166000 ,6      ,0
 166000 ,8      ,1
 166250 ,7      ,1
 166250 ,8      ,0
 166600 ,7      ,0
 166600 ,8      ,1
 166850 ,6      ,1
 166850 ,8      ,0
 167050 ,6      ,0
 167050 ,7      ,1
 167350 ,7      ,0
 167450 ,7      ,1
 167700 ,6      ,1
 167700 ,7      ,0
 167900 ,6      ,0
 167900 ,8      ,1
 168300 ,7      ,1
 168300 ,8      ,0
 168550 ,6      ,1
 168550 ,7      ,0
 168750 ,6      ,0
 168750 ,8      ,1
 169100 ,8      ,0
 169200 ,7      ,1
 169450 ,6      ,1
 169450 ,7      ,0
 169650 ,6      ,0
 169650 ,7      ,1
 169900 ,7      ,0
 170000 ,7      ,1
 170250 ,6      ,1
 170250 ,7      ,0
 170500 ,6      ,0
 170500 ,8      ,1
 170900 ,7      ,1
 171100 ,7      ,0
 171350 ,7      ,1
 171800 ,6      ,1
 172200 ,1      ,1
 172200 ,6      ,0
 172200 ,8      ,0
 172250 ,7      ,0
 172350 ,6      ,1
 172550 ,1      ,0
 172600 ,6      ,0
 172600 ,7      ,1
 172650 ,1      ,1
 172850 ,6      ,1
 172850 ,7      ,0
 172900 ,1      ,0
 172900 ,3      ,1
 173050 ,6      ,0
 173050 ,7      ,1
 173150 ,2      ,1
 173150 ,3      ,0
 173250 ,6      ,1
 173250 ,7      ,0
 173450 ,6      ,0
 173450 ,7      ,1
 173500 ,2      ,0
 173500 ,3      ,1
 173650 ,6      ,1
 173650 ,7      ,0
 173750 ,1      ,1
 173750 ,3      ,0
 173900 ,6      ,0
 173900 ,7      ,1
 173950 ,1      ,0
 173950 ,2      ,1
 174100 ,6      ,1
 174100 ,7      ,0
 174250 ,2      ,0
 174350 ,2      ,1
 174350 ,6      ,0
 174350 ,7      ,1
 174550 ,6      ,1
 174550 ,7      ,0
 174600 ,1      ,1
 174600 ,2      ,0
 174750 ,6      ,0
 174750 ,7      ,1
 174800 ,1      ,0
 174800 ,3      ,1
 175000 ,6      ,1
 175000 ,7      ,0
 175200 ,2      ,1
 175200 ,3      ,0
 175200 ,6      ,0
 175200 ,7      ,1
 175400 ,6      ,1
 175400 ,7      ,0
 175450 ,1      ,1
 175450 ,2      ,0
 175600 ,6      ,0
 175600 ,7      ,1
 175650 ,1      ,0
 175650 ,3      ,1
 175800 ,6      ,1
 175800 ,7      ,0
 176000 ,3      ,0
 176000 ,6      ,0
 176000 ,7      ,1
 176100 ,2      ,1
 176250 ,6      ,1
 176250 ,7      ,0
 176350 ,1      ,1
 176350 ,2      ,0
 176450 ,6      ,0
 176450 ,7      ,1
 176550 ,1      ,0
 176550 ,2      ,1
 176650 ,6      ,1
 176650 ,7      ,0
 176800 ,2      ,0
 176900 ,2      ,1
 176900 ,6      ,0
 176900 ,7      ,1
 177100 ,6      ,1
 177100 ,7      ,0
 177150 ,1      ,1
 177150 ,2      ,0
 177300 ,6      ,0
 177300 ,7      ,1
 177400 ,1      ,0
 177400 ,3      ,1
 177500 ,6      ,1
 177500 ,7      ,0
 177700 ,6      ,0
 177700 ,7      ,1
 177800 ,2      ,1
 177950 ,6      ,1
 177950 ,7      ,0
 178000 ,2      ,0
 178150 ,6      ,0
 178150 ,7      ,1
 178250 ,2      ,1
 178350 ,6      ,1
 178350 ,7      ,0
 178550 ,6      ,0
 178550 ,7      ,1
 178700 ,1      ,1
 178800 ,6      ,1
 178800 ,7      ,0
 179000 ,2      ,0
 179000 ,3      ,0
 179000 ,5      ,1
 179000 ,6      ,0
 179000 ,8      ,1
 179150 ,7      ,1
 179150 ,8      ,0
 179350 ,1      ,0
 179350 ,5      ,0
 179400 ,7      ,0
 179400 ,8      ,1
 179450 ,1      ,1
 179450 ,5      ,1
 179650 ,7      ,1
 179650 ,8      ,0
 179700 ,1      ,0
 179700 ,2      ,1
 179700 ,3      ,1
 179700 ,4      ,1
 179700 ,5      ,0
 179850 ,7      ,0
 179850 ,8      ,1
 179950 ,3      ,0
 180050 ,7      ,1
 180050 ,8      ,0
 180250 ,7      ,0
 180250 ,8      ,1
 180300 ,2      ,0
 180300 ,3      ,1
 180300 ,4      ,0
 180300 ,5      ,1
 180450 ,7      ,1
 180450 ,8      ,0
 180550 ,1      ,1
 180550 ,3      ,0
 180550 ,4      ,1
 180550 ,5      ,0
 180700 ,7      ,0
 180700 ,8      ,1
 180750 ,1      ,0
 180750 ,2      ,1
 180750 ,3      ,1
 180750 ,4      ,0
 180900 ,7      ,1
 180900 ,8      ,0
 181050 ,2      ,0
 181050 ,3      ,0
 181150 ,2      ,1
 181150 ,3      ,1
 181150 ,7      ,0
 181150 ,8      ,1
 181350 ,7      ,1
 181350 ,8      ,0
 181400 ,1      ,1
 181400 ,2      ,0
 181550 ,7      ,0
 181550 ,8      ,1
 181600 ,1      ,0
 181600 ,5      ,1
 181800 ,7      ,1
 181800 ,8      ,0
 182000 ,2      ,1
 182000 ,3      ,0
 182000 ,4      ,1
 182000 ,5      ,0
 182000 ,7      ,0
 182000 ,8      ,1
 182200 ,7      ,1
 182200 ,8      ,0
 182250 ,1      ,1
 182250 ,2      ,0
 182250 ,3      ,1
 182250 ,4      ,0
 182400 ,7      ,0
 182400 ,8      ,1
 182450 ,1      ,0
 182450 ,5      ,1
 182600 ,7      ,1
 182600 ,8      ,0
 182800 ,3      ,0
 182800 ,5      ,0
 182800 ,7      ,0
 182800 ,8      ,1
 182900 ,2      ,1
 182900 ,4      ,1
 183050 ,7      ,1
 183050 ,8      ,0
 183150 ,1      ,1
 183150 ,2      ,0
 183150 ,4      ,0
 183150 ,5      ,1
 183250 ,7      ,0
 183250 ,8      ,1
 183350 ,1      ,0
 183350 ,2      ,1
 183350 ,4      ,1
 183350 ,5      ,0
 183450 ,7      ,1
 183450 ,8      ,0
 183600 ,2      ,0
 183600 ,4      ,0
 183700 ,2      ,1
 183700 ,4      ,1
 183700 ,7      ,0
 183700 ,8      ,1
 183900 ,7      ,1
 183900 ,8      ,0
 183950 ,1      ,1
 183950 ,2      ,0
 183950 ,3      ,1
 183950 ,4      ,0
 184100 ,7      ,0
 184100 ,8      ,1
 184200 ,1      ,0
 184300 ,7      ,1
 184300 ,8      ,0
 184500 ,7      ,0
 184500 ,8      ,1
 184600 ,2      ,1
 184750 ,7      ,1
 184750 ,8      ,0
 184800 ,2      ,0
 184950 ,7      ,0
 184950 ,8      ,1
 185050 ,2      ,1
 185150 ,7      ,1
 185150 ,8      ,0
 185350 ,7      ,0
 185350 ,8      ,1
 185500 ,1      ,1
 185600 ,7      ,1
 185600 ,8      ,0
 185800 ,7      ,0
 185800 ,8      ,1
 185850 ,2      ,0
 185850 ,3      ,0
 185850 ,8      ,0
 186200 ,1      ,0
 186300 ,1      ,1
 186550 ,1      ,0
 186550 ,3      ,1
 186800 ,2      ,1
 186800 ,3      ,0
 187150 ,2      ,0
 187150 ,3      ,1
 187400 ,1      ,1
 187400 ,3      ,0
 187600 ,1      ,0
 187600 ,2      ,1
 187900 ,2      ,0
 188000 ,2      ,1
 188250 ,1      ,1
 188250 ,2      ,0
 188450 ,1      ,0
 188450 ,3      ,1
 188850 ,2      ,1
 188850 ,3      ,0
 189100 ,1      ,1
 189100 ,2      ,0
 189300 ,1      ,0
 189300 ,3      ,1
 189650 ,3      ,0
 189750 ,2      ,1
 190000 ,1      ,1
 190000 ,2      ,0
 190200 ,1      ,0
 190200 ,2      ,1
 190450 ,2      ,0
 190550 ,2      ,1
 190800 ,1      ,1
 190800 ,2      ,0
 191000 ,6      ,1
 191000 ,8      ,1
 191050 ,1      ,0
 191050 ,3      ,1
 191100 ,6      ,0
 191100 ,7      ,1
 191100 ,8      ,0
 191250 ,6      ,1
 191250 ,7      ,0
 191250 ,8      ,1
 191400 ,6      ,0
 191400 ,7      ,1
 191400 ,8      ,0
 191450 ,2      ,1
 191550 ,8      ,1
 191650 ,2      ,0
 191700 ,6      ,1
 191800 ,6      ,0
 191800 ,7      ,0
 191800 ,8      ,0
 191850 ,6      ,1
 191850 ,7      ,1
 191850 ,8      ,1
 191900 ,2      ,1
 191950 ,6      ,0
 191950 ,7      ,0
 191950 ,8      ,0
 192050 ,6      ,1
 192050 ,7      ,1
 192050 ,8      ,1
 192150 ,6      ,0
 192150 ,7      ,0
 192150 ,8      ,0
 192200 ,6      ,1
 192200 ,7      ,1
 192200 ,8      ,1
 192300 ,6      ,0
 192300 ,7      ,0
 192300 ,8      ,0
 192350 ,1      ,1
 192450 ,8      ,1
 192500 ,7      ,1
 192550 ,1      ,0
 192550 ,2      ,0
 192550 ,3      ,0
 192550 ,5      ,1
 192550 ,6      ,1
 192600 ,4      ,1
 192650 ,3      ,1
 192700 ,2      ,1
 192750 ,1      ,1
 192950 ,3      ,0
 192950 ,4      ,0
 192950 ,5      ,0
 193050 ,6      ,0
 193050 ,8      ,0
 193350 ,1      ,0
 193350 ,3      ,1
 194000 ,2      ,0
 194000 ,3      ,0
 194200 ,2      ,1
 194200 ,3      ,1
 194200 ,6      ,1
 194200 ,8      ,1
 194550 ,6      ,0
 194550 ,8      ,0
 194650 ,2      ,0
 194650 ,4      ,1
 194700 ,6      ,1
 194700 ,8      ,1
 195050 ,3      ,0
 195050 ,5      ,1
 195050 ,6      ,0
 195050 ,8      ,0
 195450 ,4      ,0
 195450 ,5      ,0
 196050 ,1      ,1
 196050 ,6      ,1
 196050 ,7      ,0
 196050 ,8      ,1
 196200 ,6      ,0
 196200 ,8      ,0
 196250 ,1      ,0
 196350 ,1      ,1
 196450 ,6      ,1
 196450 ,8      ,1
 196600 ,6      ,0
 196600 ,8      ,0
 196750 ,7      ,1
 196900 ,1      ,0
 196900 ,3      ,1
 196900 ,7      ,0
 196900 ,8      ,1
 197200 ,7      ,1
 197200 ,8      ,0
 197250 ,3      ,0
 197250 ,5      ,1
 197350 ,6      ,1
 197350 ,8      ,1
 197650 ,6      ,0
 197650 ,7      ,0
 197650 ,8      ,0
 197800 ,4      ,1
 197800 ,8      ,1
 197850 ,3      ,1
 197900 ,2      ,1
 197950 ,1      ,1
 198050 ,7      ,1
 198050 ,8      ,0
 198200 ,1      ,0
 198250 ,2      ,0
 198250 ,6      ,1
 198250 ,8      ,1
 198300 ,3      ,0
 198350 ,4      ,0
 198600 ,4      ,1
 198650 ,3      ,1
 198700 ,2      ,1
 198700 ,7      ,0
 198700 ,8      ,0
 198750 ,1      ,1
 198900 ,6      ,0
 198900 ,7      ,1
 199100 ,1      ,0
 199100 ,6      ,1
 199100 ,8      ,1
 199150 ,2      ,0
 199200 ,3      ,0
 199250 ,4      ,0
 199250 ,6      ,0
 199250 ,7      ,0
 199250 ,8      ,0
 199300 ,5      ,0
 199350 ,5      ,1
 199400 ,6      ,1
 199400 ,7      ,1
 199400 ,8      ,1
 199500 ,4      ,1
 199550 ,3      ,1
 199600 ,2      ,1
 199650 ,1      ,1
 199750 ,6      ,0
 199750 ,8      ,0
 199850 ,3      ,0
 199850 ,4      ,0
 199850 ,5      ,0
 200250 ,1      ,0
 200250 ,3      ,1
 200600 ,7      ,0
 200600 ,8      ,1
 200800 ,6      ,1
 200800 ,7      ,1
 200900 ,2      ,0
 200900 ,3      ,0
 201000 ,6      ,0
 201000 ,7      ,0
 201000 ,8      ,0
 201100 ,2      ,1
 201100 ,3      ,1
 201100 ,7      ,1
 201550 ,2      ,0
 201550 ,4      ,1
 201950 ,3      ,0
 201950 ,5      ,1
 202350 ,4      ,0
 202350 ,5      ,0
 202500 ,6      ,1
 202500 ,8      ,1
 202750 ,6      ,0
 202750 ,7      ,0
 202750 ,8      ,0
 202950 ,1      ,1
 202950 ,6      ,1
 203100 ,6      ,0
 203150 ,1      ,0
 203250 ,1      ,1
 203350 ,6      ,1
 203350 ,7      ,1
 203350 ,8      ,1
 203450 ,6      ,0
 203450 ,7      ,0
 203450 ,8      ,0
 203800 ,1      ,0
 203800 ,3      ,1
 203800 ,7      ,1
 203950 ,7      ,0
 204150 ,3      ,0
 204150 ,5      ,1
 204250 ,8      ,1
 204400 ,8      ,0
 204500 ,7      ,1
 204600 ,7      ,0
 204650 ,8      ,1
 204700 ,4      ,1
 204750 ,3      ,1
 204750 ,8      ,0
 204800 ,2      ,1
 204850 ,1      ,1
 204900 ,7      ,1
 205100 ,1      ,0
 205100 ,6      ,1
 205150 ,2      ,0
 205200 ,3      ,0
 205250 ,4      ,0
 205500 ,4      ,1
 205550 ,3      ,1
 205550 ,6      ,0
 205550 ,7      ,0
 205550 ,8      ,1
 205600 ,2      ,1
 205650 ,1      ,1
 205950 ,6      ,1
 205950 ,7      ,1
 206000 ,1      ,0
 206050 ,2      ,0
 206050 ,6      ,0
 206050 ,7      ,0
 206050 ,8      ,0
 206100 ,3      ,0
 206150 ,4      ,0
 206200 ,6      ,1
 206200 ,7      ,1
 206200 ,8      ,1
 206300 ,4      ,1
 206350 ,3      ,1
 206400 ,2      ,1
 206450 ,1      ,1
 206600 ,6      ,0
 206600 ,8      ,0
 206650 ,3      ,0
 206650 ,4      ,0
 206650 ,5      ,0
 206800 ,6      ,1
 206800 ,7      ,0
 206800 ,8      ,1
 207050 ,1      ,0
 207050 ,3      ,1
 207200 ,6      ,0
 207200 ,7      ,1
 207200 ,8      ,0
 207450 ,7      ,0
 207450 ,8      ,1
 207650 ,6      ,1
 207650 ,7      ,1
 207700 ,2      ,0
 207700 ,3      ,0
 207850 ,6      ,0
 207850 ,7      ,0
 207850 ,8      ,0
 207900 ,2      ,1
 207900 ,3      ,1
 207950 ,7      ,1
 208350 ,2      ,0
 208350 ,4      ,1
 208450 ,6      ,1
 208450 ,7      ,0
 208450 ,8      ,1
 208750 ,3      ,0
 208750 ,5      ,1
 208900 ,6      ,0
 208900 ,7      ,1
 208900 ,8      ,0
 209150 ,4      ,0
 209150 ,5      ,0
 209350 ,6      ,1
 209350 ,8      ,1
 209600 ,6      ,0
 209600 ,7      ,0
 209600 ,8      ,0
 209750 ,1      ,1
 209800 ,6      ,1
 209950 ,6      ,0
 210050 ,1      ,0
 210150 ,1      ,1
 210200 ,6      ,1
 210200 ,7      ,1
 210200 ,8      ,1
 210300 ,6      ,0
 210300 ,7      ,0
 210300 ,8      ,0
 210650 ,1      ,0
 210650 ,3      ,1
 210650 ,7      ,1
 210800 ,7      ,0
 211100 ,3      ,0
 211100 ,5      ,1
 211100 ,8      ,1
 211250 ,8      ,0
 211350 ,7      ,1
 211450 ,7      ,0
 211500 ,4      ,1
 211500 ,8      ,1
 211550 ,3      ,1
 211600 ,2      ,1
 211600 ,8      ,0
 211650 ,1      ,1
 211750 ,7      ,1
 211900 ,1      ,0
 211950 ,2      ,0
 211950 ,6      ,1
 212000 ,3      ,0
 212050 ,4      ,0
 212300 ,4      ,1
 212350 ,3      ,1
 212400 ,2      ,1
 212400 ,6      ,0
 212400 ,7      ,0
 212400 ,8      ,1
 212450 ,1      ,1
 212800 ,1      ,0
 212800 ,6      ,1
 212800 ,7      ,1
 212850 ,2      ,0
 212900 ,3      ,0
 212900 ,6      ,0
 212900 ,7      ,0
 212900 ,8      ,0
 212950 ,4      ,0
 213000 ,5      ,0
 213150 ,5      ,1
 213200 ,4      ,1
 213250 ,3      ,1
 213300 ,2      ,1
 213350 ,1      ,1
 213550 ,3      ,0
 213550 ,4      ,0
 213550 ,5      ,0
 213950 ,1      ,0
 213950 ,3      ,1
 214600 ,2      ,0
 214600 ,3      ,0
 214800 ,2      ,1
 214800 ,3      ,1
 215250 ,2      ,0
 215250 ,4      ,1
 215650 ,3      ,0
 215650 ,5      ,1
 216050 ,4      ,0
 216050 ,5      ,0
 216650 ,1      ,1
 216950 ,1      ,0
 217050 ,1      ,1
 217500 ,1      ,0
 217500 ,3      ,1
 217950 ,1      ,1
 217950 ,2      ,1
 217950 ,4      ,1
 217950 ,5      ,1
 218350 ,5      ,0
 218400 ,4      ,0
 218450 ,3      ,0
 218500 ,2      ,0
 218500 ,5      ,1
 218550 ,1      ,0
 218550 ,4      ,1
 218600 ,3      ,1
 218650 ,2      ,1
 218700 ,1      ,1
 218750 ,1      ,0
 218800 ,2      ,0
 218850 ,3      ,0
 218900 ,1      ,1
 218900 ,4      ,0
 218950 ,2      ,1
 218950 ,5      ,0
 219000 ,3      ,1
 219050 ,4      ,1
 219100 ,2      ,0
 219100 ,5      ,1
 219150 ,3      ,0
 219200 ,1      ,0
 219250 ,1      ,1
 219250 ,2      ,1
 219250 ,3      ,1
 219250 ,6      ,1
 219250 ,7      ,1
 219250 ,8      ,1
 219300 ,1      ,0
 219300 ,3      ,0
 219350 ,1      ,1
 219350 ,3      ,1
 219350 ,5      ,0
 219350 ,7      ,0
 219400 ,2      ,0
 219400 ,4      ,0
 219400 ,5      ,1
 219400 ,7      ,1
 219450 ,4      ,1
 219450 ,6      ,0
 219450 ,7      ,0
 219500 ,6      ,1
 219500 ,7      ,1
 219550 ,2      ,1
 219550 ,4      ,0
 219550 ,6      ,0
 219550 ,7      ,0
 219600 ,3      ,0
 219600 ,4      ,1
 219600 ,7      ,1
 219650 ,1      ,0
 219650 ,7      ,0
 219700 ,1      ,1
 219700 ,5      ,0
 219700 ,6      ,1
 219750 ,2      ,0
 219750 ,3      ,1
 219750 ,4      ,0
 219750 ,5      ,1
 219750 ,8      ,0
 219800 ,2      ,1
 219800 ,6      ,0
 219800 ,7      ,1
 219800 ,8      ,1
 219850 ,1      ,0
 219850 ,4      ,1
 219850 ,6      ,1
 219900 ,2      ,0
 219900 ,3      ,0
 219900 ,4      ,0
 219900 ,5      ,0
 219900 ,6      ,0
 219900 ,7      ,0
 219900 ,8      ,0
 220150 ,1      ,1
 220150 ,6      ,1
 220150 ,7      ,1
 220150 ,8      ,1
 220200 ,2      ,1
 220250 ,3      ,1
 220300 ,1      ,0
 220300 ,4      ,1
 220300 ,6      ,0
 220300 ,7      ,0
 220300 ,8      ,0
 220350 ,2      ,0
 220350 ,5      ,1
 220400 ,3      ,0
 221000 ,1      ,1
 221050 ,2      ,1
 221100 ,3      ,1
 221150 ,1      ,0
 221200 ,2      ,0
 221850 ,1      ,1
 221900 ,2      ,1
 222650 ,1      ,0
 222650 ,6      ,1
 222700 ,2      ,0
 222700 ,6      ,0
 222700 ,7      ,1
 222750 ,3      ,0
 222750 ,7      ,0
 222750 ,8      ,1
 222800 ,1      ,1
 222800 ,4      ,0
 222800 ,6      ,1
 222800 ,8      ,0
 222850 ,2      ,1
 222850 ,5      ,0
 222850 ,6      ,0
 222850 ,7      ,1
 222900 ,3      ,1
 222900 ,6      ,1
 222900 ,7      ,0
 222900 ,8      ,1
 222950 ,4      ,1
 222950 ,6      ,0
 222950 ,7      ,1
 222950 ,8      ,0
 223000 ,5      ,1
 223000 ,6      ,1
 223000 ,7      ,0
 223050 ,6      ,0
 223050 ,8      ,1
 223100 ,7      ,1
 223100 ,8      ,0
 223150 ,6      ,1
 223150 ,7      ,0
 223150 ,8      ,1
 223200 ,7      ,1
 223200 ,8      ,0
 223250 ,6      ,0
 223300 ,1      ,0
 223300 ,2      ,0
 223300 ,3      ,0
 223300 ,4      ,0
 223300 ,5      ,0
 223300 ,7      ,0
 223500 ,1      ,1
 223500 ,6      ,1
 223550 ,2      ,1
 223600 ,3      ,1
 223650 ,1      ,0
 223650 ,4      ,1
 223700 ,2      ,0
 223700 ,5      ,1
 223750 ,3      ,0
 224350 ,1      ,1
 224350 ,6      ,0
 224350 ,7      ,1
 224400 ,2      ,1
 224450 ,3      ,1
 224500 ,1      ,0
 224550 ,2      ,0
 225200 ,1      ,1
 225200 ,7      ,0
 225200 ,8      ,1
 225250 ,2      ,1
 226000 ,1      ,0
 226000 ,6      ,1
 226000 ,8      ,0
 226050 ,2      ,0
 226050 ,6      ,0
 226050 ,7      ,1
 226100 ,3      ,0
 226100 ,7      ,0
 226100 ,8      ,1
 226150 ,1      ,1
 226150 ,4      ,0
 226150 ,6      ,1
 226150 ,8      ,0
 226200 ,2      ,1
 226200 ,5      ,0
 226200 ,6      ,0
 226200 ,7      ,1
 226250 ,3      ,1
 226250 ,6      ,1
 226250 ,7      ,0
 226250 ,8      ,1
 226300 ,4      ,1
 226300 ,6      ,0
 226300 ,7      ,1
 226300 ,8      ,0
 226350 ,5      ,1
 226350 ,6      ,1
 226350 ,7      ,0
 226400 ,6      ,0
 226400 ,8      ,1
 226450 ,6      ,1
 226450 ,7      ,1
 226500 ,6      ,0
 226500 ,7      ,0
 226500 ,8      ,0
 226550 ,1      ,0
 226550 ,2      ,0
 226550 ,3      ,0
 226550 ,4      ,0
 226550 ,5      ,0
 226550 ,6      ,1
 226550 ,7      ,1
 226550 ,8      ,1
 226600 ,6      ,0
 226600 ,7      ,0
 226600 ,8      ,0
 226950 ,1      ,1
 227000 ,2      ,1
 227050 ,3      ,1
 227100 ,1      ,0
 227100 ,4      ,1
 227150 ,2      ,0
 227150 ,5      ,1
 227200 ,3      ,0
 227800 ,1      ,1
 227850 ,2      ,1
 227900 ,3      ,1
 227950 ,1      ,0
 228000 ,2      ,0
 228650 ,1      ,1
 228700 ,2      ,1
 229450 ,1      ,0
 229450 ,6      ,1
 229500 ,2      ,0
 229500 ,6      ,0
 229500 ,7      ,1
 229550 ,3      ,0
 229550 ,7      ,0
 229550 ,8      ,1
 229600 ,1      ,1
 229600 ,4      ,0
 229600 ,6      ,1
 229600 ,8      ,0
 229650 ,2      ,1
 229650 ,5      ,0
 229650 ,6      ,0
 229650 ,7      ,1
 229700 ,3      ,1
 229700 ,6      ,1
 229700 ,7      ,0
 229700 ,8      ,1
 229750 ,4      ,1
 229750 ,6      ,0
 229750 ,7      ,1
 229750 ,8      ,0
 229800 ,5      ,1
 229800 ,6      ,1
 229800 ,7      ,0
 229850 ,6      ,0
 229850 ,8      ,1
 229900 ,7      ,1
 229900 ,8      ,0
 229950 ,6      ,1
 229950 ,7      ,0
 229950 ,8      ,1
 230000 ,7      ,1
 230000 ,8      ,0
 230050 ,6      ,0
 230100 ,1      ,0
 230100 ,2      ,0
 230100 ,3      ,0
 230100 ,4      ,0
 230100 ,5      ,0
 230100 ,7      ,0
 230300 ,4      ,1
 230300 ,6      ,1
 230300 ,7      ,1
 230300 ,8      ,1
 230350 ,1      ,1
 230350 ,4      ,0
 230350 ,6      ,0
 230350 ,7      ,0
 230400 ,2      ,1
 230400 ,4      ,1
 230400 ,5      ,1
 230400 ,6      ,1
 230450 ,1      ,0
 230450 ,4      ,0
 230450 ,6      ,0
 230450 ,8      ,0
 230500 ,1      ,1
 230500 ,3      ,1
 230500 ,4      ,1
 230500 ,6      ,1
 230500 ,7      ,1
 230550 ,8      ,1
 230600 ,1      ,0
 230600 ,2      ,0
 230600 ,3      ,0
 230600 ,4      ,0
 230600 ,5      ,0
 230600 ,6      ,0
 230600 ,7      ,0
 230650 ,1      ,1
 230650 ,2      ,1
 230650 ,3      ,1
 230650 ,4      ,1
 230650 ,5      ,1
 230650 ,6      ,1
 230650 ,7      ,1
 230750 ,1      ,0
 230750 ,2      ,0
 230750 ,3      ,0
 230750 ,4      ,0
 230750 ,6      ,0
 230750 ,8      ,0
 230800 ,3      ,1
 230800 ,5      ,0
 230850 ,1      ,1
 230850 ,3      ,0
 230850 ,7      ,0
 230850 ,8      ,1
 230900 ,1      ,0
 230900 ,3      ,1
 230900 ,8      ,0
 230950 ,2      ,1
 230950 ,6      ,1
 230950 ,8      ,1
 231000 ,2      ,0
 231000 ,6      ,0
 231050 ,1      ,1
 231050 ,2      ,1
 231050 ,5      ,1
 231050 ,6      ,1
 231100 ,7      ,1
 231100 ,8      ,0
 231150 ,1      ,0
 231150 ,2      ,0
 231150 ,5      ,0
 231150 ,6      ,0
 231150 ,7      ,0
 231200 ,3      ,0
 231200 ,5      ,1
 231200 ,6      ,1
 231250 ,6      ,0
 231300 ,1      ,1
 231300 ,2      ,1
 231300 ,3      ,1
 231300 ,4      ,1
 231300 ,6      ,1
 231300 ,7      ,1
 231350 ,8      ,1
 231400 ,1      ,0
 231400 ,2      ,0
 231400 ,3      ,0
 231400 ,4      ,0
 231400 ,6      ,0
 231400 ,7      ,0
 231400 ,8      ,0
 231450 ,1      ,1
 231450 ,2      ,1
 231450 ,3      ,1
 231450 ,4      ,1
 231450 ,6      ,1
 231500 ,2      ,0
 231500 ,3      ,0
 231500 ,4      ,0
 231500 ,5      ,0
 231550 ,1      ,0
 231550 ,2      ,1
 231550 ,3      ,1
 231550 ,4      ,1
 231550 ,5      ,1
 231550 ,6      ,0
 231550 ,7      ,1
 231550 ,8      ,1
 231600 ,5      ,0
 231600 ,7      ,0
 231650 ,1      ,1
 231650 ,2      ,0
 231650 ,6      ,1
 231700 ,1      ,0
 231700 ,2      ,1
 231700 ,3      ,0
 231700 ,4      ,0
 231700 ,5      ,1
 231700 ,8      ,0
 231750 ,2      ,0
 231750 ,4      ,1
 231750 ,5      ,0
 231750 ,6      ,0
 231800 ,2      ,1
 231800 ,6      ,1
 231800 ,8      ,1
 231850 ,1      ,1
 231850 ,2      ,0
 231850 ,3      ,1
 231850 ,6      ,0
 231850 ,7      ,1
 231900 ,2      ,1
 231900 ,4      ,0
 231900 ,5      ,1
 231900 ,6      ,1
 231950 ,1      ,0
 231950 ,2      ,0
 231950 ,5      ,0
 231950 ,6      ,0
 231950 ,7      ,0
 232000 ,4      ,1
 232000 ,7      ,1
 232050 ,2      ,1
 232050 ,3      ,0
 232050 ,4      ,0
 232050 ,7      ,0
 232050 ,8      ,0
 232100 ,2      ,0
 232100 ,3      ,1
 232100 ,4      ,1
 232100 ,5      ,1
 232100 ,6      ,1
 232100 ,7      ,1
 232100 ,8      ,1
 232150 ,1      ,1
 232150 ,2      ,1
 232200 ,2      ,0
 232200 ,4      ,0
 232200 ,8      ,0
 232250 ,2      ,1
 232250 ,3      ,0
 232250 ,8      ,1
 232300 ,2      ,0
 232300 ,5      ,0
 232300 ,6      ,0
 232300 ,7      ,0
 232350 ,2      ,1
 232350 ,3      ,1
 232350 ,4      ,1
 232350 ,5      ,1
 232350 ,6      ,1
 232350 ,7      ,1
 232350 ,8      ,0
 232400 ,8      ,1
 232450 ,2      ,0
 232450 ,3      ,0
 232450 ,4      ,0
 232450 ,5      ,0
 232450 ,6      ,0
 232500 ,1      ,0
 232500 ,3      ,1
 232500 ,5      ,1
 232500 ,6      ,1
 232500 ,8      ,0
 232550 ,1      ,1
 232550 ,8      ,1
 232600 ,2      ,1
 232600 ,6      ,0
 232600 ,7      ,0
 232650 ,2      ,0
 232650 ,3      ,0
 232650 ,5      ,0
 232650 ,6      ,1
 232650 ,7      ,1
 232700 ,3      ,1
 232700 ,6      ,0
 232700 ,7      ,0
 232750 ,3      ,0
 232750 ,4      ,1
 232750 ,6      ,1
 232800 ,1      ,0
 232800 ,4      ,0
 232800 ,6      ,0
 232850 ,6      ,1
 232850 ,7      ,1
 232850 ,8      ,0
 232900 ,1      ,1
 232900 ,2      ,1
 232900 ,3      ,1
 232900 ,4      ,1
 232900 ,8      ,1
 232950 ,4      ,0
 232950 ,7      ,0
 232950 ,8      ,0
 233000 ,4      ,1
 233000 ,5      ,1
 233000 ,7      ,1
 233000 ,8      ,1
 233050 ,1      ,0
 233050 ,2      ,0
 233050 ,3      ,0
 233100 ,1      ,1
 233100 ,2      ,1
 233100 ,3      ,1
 233100 ,4      ,0
 233150 ,1      ,0
 233150 ,2      ,0
 233150 ,3      ,0
 233150 ,4      ,1
 233200 ,1      ,1
 233200 ,2      ,1
 233200 ,3      ,1
 233200 ,6      ,0
 233200 ,7      ,0
 233250 ,1      ,0
 233250 ,2      ,0
 233250 ,3      ,0
 233250 ,4      ,0
 233250 ,6      ,1
 233250 ,8      ,0
 233300 ,4      ,1
 233300 ,5      ,0
 233300 ,6      ,0
 233350 ,6      ,1
 233350 ,8      ,1
 233400 ,1      ,1
 233400 ,6      ,0
 233450 ,1      ,0
 233450 ,3      ,1
 233450 ,5      ,1
 233450 ,6      ,1
 233450 ,7      ,1
 233500 ,2      ,1
 233500 ,3      ,0
 233500 ,4      ,0
 233500 ,5      ,0
 233500 ,6      ,0
 233500 ,7      ,0
 233550 ,1      ,1
 233550 ,2      ,0
 233550 ,3      ,1
 233550 ,4      ,1
 233550 ,5      ,1
 233550 ,6      ,1
 233550 ,7      ,1
 233600 ,2      ,1
 233650 ,1      ,0
 233650 ,3      ,0
 233650 ,4      ,0
 233650 ,6      ,0
 233700 ,1      ,1
 233700 ,3      ,1
 233700 ,4      ,1
 233700 ,6      ,1
 233700 ,7      ,0
 233750 ,1      ,0
 233750 ,3      ,0
 233750 ,4      ,0
 233750 ,6      ,0
 233750 ,7      ,1
 233800 ,1      ,1
 233800 ,2      ,0
 233800 ,5      ,0
 233800 ,8      ,0
 233850 ,2      ,1
 233850 ,4      ,1
 233850 ,5      ,1
 233900 ,3      ,1
 233900 ,6      ,1
 233900 ,7      ,0
 233950 ,1      ,0
 233950 ,2      ,0
 233950 ,4      ,0
 233950 ,5      ,0
 234000 ,1      ,1
 234000 ,3      ,0
 234000 ,4      ,1
 234000 ,5      ,1
 234000 ,7      ,1
 234000 ,8      ,1
 234050 ,5      ,0
 234050 ,7      ,0
 234100 ,1      ,0
 234100 ,4      ,0
 234100 ,5      ,1
 234100 ,8      ,0
 234150 ,1      ,1
 234150 ,2      ,1
 234150 ,3      ,1
 234150 ,4      ,1
 234150 ,7      ,1
 234150 ,8      ,1
 234200 ,5      ,0
 234200 ,8      ,0
 234250 ,1      ,0
 234250 ,3      ,0
 234250 ,4      ,0
 234250 ,6      ,0
 234300 ,1      ,1
 234300 ,3      ,1
 234300 ,4      ,1
 234300 ,5      ,1
 234300 ,6      ,1
 234300 ,8      ,1
 234350 ,1      ,0
 234350 ,2      ,0
 234350 ,3      ,0
 234350 ,4      ,0
 234350 ,5      ,0
 234350 ,6      ,0
 234350 ,7      ,0
 234350 ,8      ,0
 252700 ,1      ,0
 252700 ,2      ,0
 252700 ,3      ,0
 252700 ,4      ,0
 252700 ,5      ,0
 252700 ,6      ,0
 252700 ,7      ,0
 252700 ,8      ,0
 252700 ,END    ,1
