TIME(MS),COMMAND,VALUE
 000650 ,2      ,1
 000650 ,3      ,1
 000650 ,6      ,1
 000650 ,7      ,1
 000700 ,1      ,1
 000700 ,4      ,1
 000700 ,5      ,1
 000700 ,8      ,1
 000750 ,1      ,0
 000750 ,2      ,0
 000750 ,3      ,0
 000750 ,5      ,0
 000750 ,6      ,0
 000750 ,7      ,0
 000750 ,8      ,0
 000800 ,4      ,0
 000800 ,6      ,1
 000850 ,1      ,1
 000850 ,2      ,1
 000850 ,5      ,1
 000850 ,6      ,0
 000850 ,8      ,1
 000900 ,3      ,1
 000900 ,4      ,1
 000900 ,7      ,1
 000950 ,2      ,0
 000950 ,8      ,0
 001000 ,1      ,0
 001000 ,2      ,1
 001000 ,4      ,0
 001000 ,5      ,0
 001000 ,7      ,0
 001050 ,1      ,1
 001050 ,4      ,1
 001050 ,5      ,1
 001050 ,7      ,1
 001050 ,8      ,1
 001100 ,4      ,0
 001100 ,6      ,1
 001100 ,7      ,0
 001150 ,4      ,1
 001150 ,7      ,1
 001200 ,4      ,0
 001200 ,6      ,0
 001250 ,1      ,0
 001250 ,2      ,0
 001300 ,4      ,1
 001300 ,5      ,0
 001300 ,7      ,0
 001300 ,8      ,0
 001350 ,1      ,1
 001350 ,2      ,1
 001350 ,5      ,1
 001350 ,6      ,1
 001350 ,7      ,1
 001350 ,8      ,1
 001400 ,1      ,0
 001400 ,3      ,0
 001400 ,4      ,0
 001400 ,5      ,0
 001400 ,7      ,0
 001400 ,8      ,0
 001450 ,1      ,1
 001450 ,3      ,1
 001450 ,4      ,1
 001450 ,5      ,1
 001500 ,1      ,0
 001500 ,2      ,0
 001500 ,3      ,0
 001500 ,6      ,0
 001500 ,8      ,1
 001550 ,1      ,1
 001550 ,4      ,0
 001550 ,5      ,0
 001550 ,8      ,0
 001600 ,1      ,0
 001600 ,2      ,1
 001600 ,7      ,1
 001650 ,1      ,1
 001650 ,4      ,1
 001650 ,5      ,1
 001650 ,6      ,1
 001650 ,7      ,0
 001650 ,8      ,1
 001700 ,3      ,1
 001700 ,5      ,0
 001750 ,1      ,0
 001750 ,3      ,0
 001750 ,6      ,0
 001750 ,8      ,0
 001800 ,2      ,0
 001800 ,4      ,0
 001800 ,6      ,1
 001850 ,3      ,1
 001850 ,5      ,1
 001850 ,6      ,0
 001900 ,4      ,1
 001950 ,1      ,1
 001950 ,2      ,1
 001950 ,8      ,1
 002000 ,5      ,0
 002000 ,6      ,1
 002000 ,7      ,1
 002050 ,1      ,0
 002050 ,2      ,0
 002050 ,3      ,0
 002050 ,6      ,0
 002050 ,7      ,0
 002050 ,8      ,0
 002100 ,1      ,1
 002100 ,2      ,1
 002100 ,3      ,1
 002100 ,5      ,1
 002100 ,6      ,1
 002100 ,7      ,1
 002100 ,8      ,1
 002150 ,3      ,0
 002150 ,4      ,0
 002150 ,6      ,0
 002150 ,8      ,0
 002200 ,3      ,1
 002200 ,4      ,1
 002250 ,6      ,1
 002250 ,8      ,1
 002300 ,4      ,0
 002300 ,8      ,0
 002350 ,2      ,0
 002350 ,3      ,0
 002350 ,5      ,0
 002350 ,6      ,0
 002350 ,7      ,0
 002400 ,1      ,0
 002400 ,2      ,1
 002450 ,2      ,0
 002450 ,4      ,1
 002450 ,5      ,1
 002450 ,6      ,1
 002500 ,3      ,1
 002500 ,5      ,0
 002500 ,6      ,0
 002550 ,1      ,1
 002550 ,2      ,1
 002550 ,3      ,0
 002550 ,6      ,1
 002550 ,7      ,1
 002550 ,8      ,1
 002600 ,3      ,1
 002600 ,5      ,1
 002650 ,1      ,0
 002650 ,2      ,0
 002650 ,3      ,0
 002650 ,4      ,0
 002650 ,5      ,0
 002650 ,6      ,0
 002650 ,7      ,0
 002650 ,8      ,0
 002700 ,1      ,1
 002700 ,2      ,1
 002700 ,3      ,1
 002700 ,5      ,1
 002700 ,6      ,1
 002700 ,7      ,1
 002700 ,8      ,1
 002750 ,1      ,0
 002750 ,2      ,0
 002750 ,3      ,0
 002750 ,4      ,1
 002750 ,7      ,0
 002800 ,1      ,1
 002800 ,4      ,0
 002800 ,5      ,0
 002800 ,6      ,0
 002800 ,8      ,0
 002850 ,2      ,1
 002850 ,3      ,1
 002850 ,4      ,1
 002850 ,5      ,1
 002850 ,8      ,1
 002900 ,6      ,1
 002900 ,7      ,1
 002900 ,8      ,0
 002950 ,4      ,0
 002950 ,8      ,1
 003000 ,1      ,0
 003000 ,2      ,0
 003000 ,5      ,0
 003000 ,6      ,0
 003000 ,7      ,0
 003000 ,8      ,0
 003050 ,2      ,1
 003050 ,3      ,0
 003050 ,5      ,1
 003050 ,8      ,1
 003100 ,1      ,1
 003100 ,2      ,0
 003100 ,3      ,1
 003100 ,4      ,1
 003100 ,5      ,0
 003100 ,6      ,1
 003100 ,7      ,1
 003150 ,1      ,0
 003150 ,4      ,0
 003150 ,6      ,0
 003150 ,7      ,0
 003150 ,8      ,0
 003200 ,1      ,1
 003250 ,1      ,0
 003250 ,4      ,1
 003250 ,8      ,1
 003300 ,1      ,1
 003300 ,2      ,1
 003300 ,4      ,0
 003300 ,6      ,1
 003350 ,1      ,0
 003350 ,4      ,1
 003350 ,5      ,1
 003350 ,6      ,0
 003350 ,7      ,1
 003400 ,2      ,0
 003400 ,3      ,0
 003400 ,7      ,0
 003400 ,8      ,0
 003450 ,2      ,1
 003450 ,3      ,1
 003450 ,5      ,0
 003450 ,8      ,1
 003500 ,2      ,0
 003500 ,5      ,1
 003500 ,6      ,1
 003500 ,7      ,1
 003500 ,8      ,0
 003550 ,1      ,1
 003550 ,2      ,1
 003550 ,7      ,0
 003550 ,8      ,1
 003600 ,4      ,0
 003600 ,6      ,0
 003600 ,7      ,1
 003600 ,8      ,0
 003650 ,1      ,0
 003650 ,2      ,0
 003650 ,3      ,0
 003650 ,4      ,1
 003700 ,1      ,1
 003700 ,2      ,1
 003700 ,3      ,1
 003700 ,6      ,1
 003700 ,7      ,0
 003700 ,8      ,1
 003750 ,1      ,0
 003750 ,3      ,0
 003750 ,6      ,0
 003750 ,7      ,1
 003800 ,2      ,0
 003800 ,4      ,0
 003800 ,8      ,0
 003850 ,2      ,1
 003850 ,3      ,1
 003850 ,4      ,1
 003850 ,6      ,1
 003900 ,1      ,1
 003900 ,2      ,0
 003900 ,8      ,1
 003950 ,2      ,1
 004000 ,2      ,0
 004000 ,4      ,0
 004050 ,8      ,0
 004100 ,3      ,0
 004100 ,4      ,1
 004100 ,7      ,0
 004100 ,8      ,1
 004150 ,2      ,1
 004150 ,3      ,1
 004200 ,1      ,0
 004200 ,2      ,0
 004200 ,3      ,0
 004200 ,4      ,0
 004200 ,5      ,0
 004200 ,6      ,0
 004200 ,7      ,1
 004250 ,1      ,1
 004250 ,2      ,1
 004250 ,3      ,1
 004250 ,6      ,1
 004250 ,7      ,0
 004300 ,1      ,0
 004300 ,2      ,0
 004300 ,5      ,1
 004300 ,6      ,0
 004350 ,1      ,1
 004350 ,2      ,1
 004350 ,4      ,1
 004350 ,6      ,1
 004350 ,7      ,1
 004350 ,8      ,0
 004400 ,2      ,0
 004400 ,3      ,0
 004400 ,4      ,0
 004400 ,5      ,0
 004400 ,6      ,0
 004400 ,8      ,1
 004450 ,2      ,1
 004450 ,4      ,1
 004450 ,5      ,1
 004450 ,6      ,1
 004450 ,7      ,0
 004450 ,8      ,0
 004500 ,1      ,0
 004500 ,3      ,1
 004500 ,5      ,0
 004500 ,6      ,0
 004500 ,7      ,1
 004500 ,8      ,1
 004550 ,1      ,1
 004550 ,5      ,1
 004550 ,6      ,1
 004650 ,3      ,0
 004700 ,1      ,0
 004700 ,2      ,0
 004700 ,4      ,0
 004700 ,5      ,0
 004700 ,6      ,0
 004700 ,7      ,0
 004750 ,1      ,1
 004750 ,2      ,1
 004750 ,4      ,1
 004750 ,7      ,1
 004800 ,3      ,1
 004800 ,5      ,1
 004800 ,6      ,1
 004850 ,1      ,0
 004850 ,4      ,0
 004850 ,5      ,0
 004850 ,6      ,0
 004850 ,7      ,0
 004850 ,8      ,0
 004900 ,1      ,1
 004900 ,2      ,0
 004900 ,6      ,1
 004900 ,8      ,1
 004950 ,2      ,1
 004950 ,4      ,1
 004950 ,5      ,1
 004950 ,7      ,1
 004950 ,8      ,0
 005000 ,1      ,0
 005000 ,2      ,0
 005000 ,4      ,0
 005000 ,5      ,0
 005000 ,6      ,0
 005000 ,7      ,0
 005000 ,8      ,1
 005050 ,2      ,1
 005050 ,4      ,1
 005100 ,1      ,1
 005100 ,5      ,1
 005100 ,6      ,1
 005100 ,7      ,1
 005150 ,1      ,0
 005150 ,3      ,0
 005150 ,4      ,0
 005150 ,5      ,0
 005150 ,7      ,0
 005200 ,1      ,1
 005200 ,2      ,0
 005200 ,3      ,1
 005200 ,5      ,1
 005200 ,6      ,0
 005200 ,8      ,0
 005250 ,1      ,0
 005250 ,2      ,1
 005250 ,4      ,1
 005250 ,5      ,0
 005250 ,6      ,1
 005250 ,7      ,1
 005250 ,8      ,1
 005300 ,1      ,1
 005300 ,5      ,1
 005300 ,6      ,0
 005350 ,1      ,0
 005350 ,3      ,0
 005350 ,4      ,0
 005350 ,5      ,0
 005350 ,6      ,1
 005400 ,2      ,0
 005400 ,3      ,1
 005400 ,6      ,0
 005400 ,7      ,0
 005450 ,3      ,0
 005450 ,4      ,1
 005450 ,8      ,0
 005500 ,1      ,1
 005500 ,3      ,1
 005500 ,4      ,0
 005500 ,5      ,1
 005500 ,8      ,1
 005550 ,3      ,0
 005550 ,5      ,0
 005550 ,6      ,1
 005550 ,7      ,1
 005600 ,1      ,0
 005600 ,2      ,1
 005600 ,3      ,1
 005600 ,4      ,1
 005600 ,5      ,1
 005600 ,6      ,0
 005650 ,1      ,1
 005650 ,4      ,0
 005650 ,6      ,1
 005700 ,4      ,1
 005700 ,8      ,0
 005750 ,1      ,0
 005750 ,6      ,0
 005750 ,8      ,1
 005800 ,1      ,1
 005800 ,2      ,0
 005800 ,5      ,0
 005800 ,6      ,1
 005850 ,1      ,0
 005850 ,3      ,0
 005850 ,4      ,0
 005850 ,6      ,0
 005850 ,7      ,0
 005850 ,8      ,0
 006950 ,6      ,1
 008100 ,1      ,1
 008250 ,1      ,0
 008250 ,6      ,0
 008250 ,7      ,1
 010000 ,7      ,0
 010550 ,6      ,1
 011850 ,6      ,0
 011850 ,7      ,1
 013250 ,7      ,0
 013250 ,8      ,1
 014450 ,6      ,1
 014450 ,8      ,0
 015850 ,6      ,0
 015850 ,7      ,1
 017200 ,7      ,0
 017200 ,8      ,1
 018500 ,7      ,1
 018500 ,8      ,0
 019800 ,6      ,1
 019800 ,7      ,0
 021100 ,1      ,1
 021100 ,6      ,0
 021150 ,2      ,1
 021200 ,1      ,0
 021200 ,3      ,1
 021250 ,2      ,0
 021300 ,3      ,0
 022400 ,2      ,1
 022450 ,3      ,1
 022500 ,2      ,0
 022500 ,4      ,1
 022550 ,3      ,0
 022600 ,4      ,0
 023650 ,5      ,1
 024000 ,4      ,1
 024300 ,3      ,1
 024650 ,2      ,1
 024950 ,1      ,1
 024950 ,6      ,1
 024950 ,7      ,1
 024950 ,8      ,1
 026250 ,1      ,0
 027500 ,2      ,0
 027500 ,3      ,0
 028800 ,4      ,0
 028800 ,5      ,0
 029550 ,6      ,0
 030150 ,7      ,0
 030150 ,8      ,0
 031300 ,6      ,1
 032650 ,6      ,0
 032650 ,8      ,1
 034000 ,7      ,1
 034000 ,8      ,0
 035950 ,8      ,1
 036650 ,6      ,1
 036650 ,7      ,0
 036650 ,8      ,0
 037350 ,6      ,0
 037350 ,7      ,1
 038050 ,6      ,1
 038050 ,8      ,1
 039500 ,6      ,0
 039500 ,7      ,0
 039500 ,8      ,0
 039700 ,1      ,1
 039700 ,3      ,1
 039700 ,5      ,1
 040150 ,1      ,0
 040150 ,2      ,1
 040150 ,3      ,0
 040150 ,4      ,1
 040150 ,5      ,0
 040700 ,1      ,1
 040700 ,2      ,0
 040700 ,3      ,1
 040700 ,4      ,0
 040700 ,5      ,1
 041200 ,1      ,0
 041200 ,2      ,1
 041200 ,3      ,0
 041200 ,4      ,1
 041200 ,5      ,0
 042100 ,1      ,1
 042100 ,2      ,0
 042100 ,3      ,1
 042100 ,4      ,0
 042100 ,5      ,1
 042550 ,1      ,0
 042550 ,2      ,1
 042550 ,3      ,0
 042550 ,4      ,1
 042550 ,5      ,0
 043150 ,1      ,1
 043150 ,2      ,0
 043150 ,3      ,1
 043150 ,4      ,0
 043150 ,5      ,1
 043600 ,1      ,0
 043600 ,2      ,1
 043600 ,3      ,0
 043600 ,4      ,1
 043600 ,5      ,0
 044000 ,2      ,0
 044000 ,4      ,0
 044050 ,6      ,1
 044250 ,6      ,0
 044250 ,7      ,1
 044400 ,6      ,1
 044400 ,7      ,0
 044800 ,6      ,0
 044800 ,7      ,1
 045500 ,6      ,1
 045500 ,7      ,0
 046150 ,6      ,0
 046150 ,7      ,1
 046350 ,6      ,1
 046350 ,7      ,0
 046700 ,7      ,1
 046700 ,8      ,1
 046950 ,1      ,1
 046950 ,3      ,1
 046950 ,5      ,1
 047400 ,1      ,0
 047400 ,2      ,1
 047400 ,3      ,0
 047400 ,4      ,1
 047400 ,5      ,0
 048000 ,1      ,1
 048000 ,2      ,0
 048000 ,3      ,1
 048000 ,4      ,0
 048000 ,5      ,1
 048000 ,6      ,0
 048500 ,1      ,0
 048500 ,2      ,1
 048500 ,3      ,0
 048500 ,4      ,1
 048500 ,5      ,0
 048500 ,7      ,0
 048900 ,2      ,0
 048900 ,4      ,0
 049050 ,7      ,1
 049050 ,8      ,0
 049250 ,7      ,0
 049250 ,8      ,1
 049450 ,7      ,1
 049450 ,8      ,0
 049900 ,7      ,0
 049900 ,8      ,1
 050400 ,7      ,1
 050400 ,8      ,0
 051050 ,7      ,0
 051050 ,8      ,1
 051600 ,6      ,1
 051600 ,7      ,1
 051950 ,1      ,1
 051950 ,3      ,1
 051950 ,5      ,1
 051950 ,6      ,0
 051950 ,7      ,0
 051950 ,8      ,0
 052350 ,1      ,0
 052350 ,2      ,1
 052350 ,3      ,0
 052350 ,4      ,1
 052350 ,5      ,0
 052900 ,1      ,1
 052900 ,2      ,0
 052900 ,3      ,1
 052900 ,4      ,0
 052900 ,5      ,1
 053550 ,1      ,0
 053550 ,3      ,0
 053550 ,5      ,0
 053550 ,6      ,1
 053750 ,7      ,1
 054050 ,8      ,1
 054750 ,5      ,1
 054900 ,3      ,1
 055100 ,1      ,1
 056200 ,1      ,0
 056350 ,3      ,0
 056600 ,5      ,0
 056850 ,7      ,0
 057500 ,6      ,0
 057700 ,6      ,1
 057700 ,8      ,0
 058350 ,2      ,1
 058350 ,6      ,0
 058600 ,2      ,0
 058600 ,4      ,1
 058900 ,2      ,1
 058900 ,4      ,0
 059200 ,2      ,0
 059200 ,4      ,1
 059550 ,1      ,1
 059550 ,4      ,0
 059850 ,1      ,0
 059850 ,3      ,1
 060100 ,1      ,1
 060100 ,5      ,1
 060750 ,1      ,0
 060750 ,2      ,1
 060750 ,3      ,0
 060750 ,4      ,1
 060750 ,5      ,0
 061100 ,1      ,1
 061100 ,2      ,0
 061100 ,3      ,1
 061100 ,4      ,0
 061100 ,5      ,1
 061400 ,2      ,1
 061400 ,4      ,1
 061400 ,6      ,1
 061400 ,7      ,1
 061400 ,8      ,1
 061650 ,1      ,0
 061650 ,2      ,0
 061650 ,3      ,0
 061650 ,4      ,0
 061650 ,5      ,0
 061650 ,6      ,0
 061650 ,7      ,0
 061650 ,8      ,0
 061900 ,1      ,1
 061900 ,2      ,1
 061900 ,3      ,1
 061900 ,4      ,1
 061900 ,5      ,1
 061900 ,6      ,1
 061900 ,7      ,1
 061900 ,8      ,1
 062300 ,1      ,0
 062300 ,2      ,0
 062300 ,3      ,0
 062300 ,4      ,0
 062300 ,5      ,0
 062300 ,6      ,0
 062300 ,7      ,0
 062300 ,8      ,0
 062650 ,1      ,1
 062650 ,3      ,1
 062650 ,5      ,1
 063150 ,1      ,0
 063150 ,2      ,1
 063150 ,3      ,0
 063150 ,4      ,1
 063150 ,5      ,0
 063400 ,2      ,0
 063400 ,4      ,0
 063400 ,6      ,1
 063650 ,6      ,0
 063650 ,7      ,1
 063800 ,6      ,1
 063800 ,7      ,0
 063950 ,6      ,0
 063950 ,7      ,1
 064400 ,6      ,1
 064400 ,7      ,0
 064700 ,6      ,0
 064700 ,7      ,1
 064950 ,6      ,1
 064950 ,7      ,0
 065500 ,6      ,0
 065500 ,7      ,1
 065850 ,6      ,1
 065850 ,7      ,0
 066200 ,7      ,1
 066200 ,8      ,1
 066450 ,1      ,1
 066450 ,3      ,1
 066450 ,5      ,1
 066900 ,1      ,0
 066900 ,2      ,1
 066900 ,3      ,0
 066900 ,4      ,1
 066900 ,5      ,0
 067500 ,1      ,1
 067500 ,2      ,0
 067500 ,3      ,1
 067500 ,4      ,0
 067500 ,5      ,1
 067500 ,6      ,0
 068000 ,1      ,0
 068000 ,2      ,1
 068000 ,3      ,0
 068000 ,4      ,1
 068000 ,5      ,0
 068000 ,7      ,0
 068400 ,2      ,0
 068400 ,4      ,0
 068550 ,7      ,1
 068550 ,8      ,0
 068700 ,7      ,0
 068700 ,8      ,1
 068950 ,7      ,1
 068950 ,8      ,0
 069150 ,7      ,0
 069150 ,8      ,1
 069500 ,7      ,1
 069500 ,8      ,0
 069850 ,7      ,0
 069850 ,8      ,1
 070150 ,7      ,1
 070150 ,8      ,0
 070400 ,7      ,0
 070400 ,8      ,1
 070750 ,7      ,1
 070750 ,8      ,0
 071000 ,6      ,1
 071250 ,1      ,1
 071250 ,3      ,1
 071250 ,5      ,1
 071250 ,6      ,0
 071250 ,7      ,0
 071650 ,1      ,0
 071650 ,2      ,1
 071650 ,3      ,0
 071650 ,4      ,1
 071650 ,5      ,0
 072200 ,1      ,1
 072200 ,2      ,0
 072200 ,3      ,1
 072200 ,4      ,0
 072200 ,5      ,1
 072850 ,1      ,0
 072850 ,3      ,0
 072850 ,5      ,0
 072850 ,6      ,1
 073200 ,7      ,1
 073500 ,8      ,1
 073950 ,5      ,1
 074150 ,3      ,1
 074450 ,1      ,1
 075550 ,1      ,0
 075650 ,3      ,0
 075900 ,5      ,0
 076150 ,7      ,0
 076550 ,6      ,0
 077000 ,6      ,1
 077000 ,8      ,0
 077850 ,6      ,0
 077850 ,7      ,1
 078200 ,7      ,0
 078200 ,8      ,1
 078550 ,1      ,1
 078550 ,2      ,1
 078550 ,3      ,1
 078550 ,4      ,1
 078550 ,5      ,1
 078900 ,6      ,1
 078900 ,8      ,0
 079050 ,6      ,0
 079050 ,7      ,1
 079100 ,1      ,0
 079100 ,2      ,0
 079100 ,3      ,0
 079100 ,4      ,0
 079100 ,5      ,0
 079200 ,1      ,1
 079200 ,2      ,1
 079200 ,3      ,1
 079200 ,4      ,1
 079200 ,5      ,1
 079300 ,6      ,1
 079300 ,7      ,0
 079300 ,8      ,1
 079350 ,1      ,0
 079350 ,2      ,0
 079350 ,3      ,0
 079350 ,4      ,0
 079350 ,5      ,0
 079500 ,1      ,1
 079500 ,3      ,1
 079500 ,5      ,1
 079600 ,1      ,0
 079600 ,2      ,1
 079600 ,3      ,0
 079600 ,4      ,1
 079600 ,5      ,0
 079950 ,1      ,1
 079950 ,3      ,1
 079950 ,5      ,1
 080050 ,6      ,0
 080050 ,7      ,1
 080050 ,8      ,0
 080250 ,6      ,1
 080250 ,7      ,0
 080450 ,1      ,0
 080450 ,2      ,0
 080450 ,3      ,0
 080450 ,4      ,0
 080450 ,5      ,0
 080500 ,6      ,0
 080500 ,8      ,1
 080700 ,5      ,1
 080800 ,7      ,1
 080800 ,8      ,0
 080900 ,4      ,1
 081200 ,7      ,0
 081200 ,8      ,1
 081250 ,3      ,1
 081450 ,7      ,1
 081450 ,8      ,0
 081550 ,2      ,1
 081750 ,6      ,1
 081750 ,8      ,1
 081800 ,1      ,1
 082450 ,2      ,0
 082450 ,4      ,0
 082600 ,1      ,0
 082600 ,2      ,1
 082600 ,3      ,0
 082600 ,4      ,1
 082600 ,5      ,0
 082600 ,6      ,0
 082700 ,1      ,1
 082700 ,2      ,0
 082700 ,4      ,0
 082700 ,5      ,1
 082700 ,7      ,0
 083050 ,1      ,0
 083050 ,2      ,1
 083050 ,3      ,1
 083050 ,4      ,1
 083050 ,5      ,0
 083050 ,7      ,1
 083050 ,8      ,0
 083300 ,1      ,1
 083300 ,2      ,0
 083300 ,3      ,0
 083300 ,4      ,0
 083300 ,5      ,1
 083300 ,7      ,0
 083300 ,8      ,1
 083550 ,1      ,0
 083550 ,2      ,1
 083550 ,3      ,1
 083550 ,4      ,1
 083550 ,5      ,0
 083550 ,7      ,1
 083550 ,8      ,0
 083800 ,1      ,1
 083800 ,2      ,0
 083800 ,3      ,0
 083800 ,4      ,0
 083800 ,5      ,1
 083800 ,6      ,1
 083800 ,7      ,0
 084200 ,1      ,0
 084200 ,2      ,1
 084200 ,3      ,1
 084200 ,4      ,1
 084200 ,5      ,0
 084200 ,6      ,0
 084200 ,7      ,1
 084450 ,1      ,1
 084450 ,2      ,0
 084450 ,3      ,0
 084450 ,4      ,0
 084450 ,5      ,1
 084450 ,6      ,1
 084450 ,7      ,0
 084800 ,2      ,1
 084800 ,3      ,1
 084800 ,4      ,1
 084800 ,6      ,0
 084800 ,7      ,1
 084800 ,8      ,1
 085100 ,1      ,0
 085100 ,2      ,0
 085100 ,3      ,0
 085100 ,4      ,0
 085100 ,5      ,0
 085150 ,1      ,1
 085150 ,2      ,1
 085150 ,3      ,1
 085150 ,4      ,1
 085150 ,5      ,1
 085150 ,6      ,1
 085150 ,7      ,0
 085150 ,8      ,0
 085450 ,1      ,0
 085450 ,2      ,0
 085450 ,3      ,0
 085450 ,4      ,0
 085450 ,5      ,0
 085500 ,1      ,1
 085500 ,2      ,1
 085500 ,3      ,1
 085500 ,4      ,1
 085500 ,5      ,1
 085500 ,7      ,1
 085500 ,8      ,1
 085900 ,6      ,0
 085900 ,7      ,0
 085900 ,8      ,0
 086100 ,2      ,0
 086100 ,4      ,0
 086100 ,7      ,1
 086700 ,1      ,0
 086700 ,2      ,1
 086700 ,3      ,0
 086700 ,4      ,1
 086700 ,5      ,0
 086700 ,6      ,1
 086700 ,7      ,0
 086700 ,8      ,1
 087150 ,1      ,1
 087150 ,2      ,0
 087150 ,3      ,1
 087150 ,4      ,0
 087150 ,5      ,1
 087150 ,7      ,1
 087550 ,3      ,0
 087550 ,5      ,0
 087550 ,6      ,0
 087550 ,7      ,0
 087550 ,8      ,0
 087700 ,2      ,1
 087900 ,3      ,1
 088100 ,3      ,0
 088100 ,5      ,1
 088500 ,3      ,1
 088500 ,5      ,0
 088850 ,3      ,0
 088850 ,5      ,1
 089100 ,3      ,1
 089100 ,5      ,0
 089700 ,3      ,0
 089700 ,5      ,1
 089950 ,3      ,1
 089950 ,5      ,0
 090250 ,3      ,0
 090250 ,5      ,1
 090650 ,2      ,0
 090650 ,5      ,0
 091250 ,1      ,0
 091250 ,2      ,1
 091600 ,2      ,0
 091600 ,3      ,1
 092150 ,3      ,0
 092150 ,4      ,1
 092450 ,4      ,0
 092450 ,5      ,1
 092550 ,4      ,1
 092700 ,3      ,1
 093000 ,1      ,1
 093000 ,3      ,0
 093350 ,1      ,0
 093350 ,3      ,1
 093650 ,1      ,1
 093650 ,3      ,0
 093950 ,1      ,0
 093950 ,3      ,1
 094100 ,1      ,1
 094100 ,3      ,0
 094600 ,1      ,0
 094600 ,3      ,1
 094850 ,1      ,1
 094850 ,3      ,0
 095150 ,1      ,0
 095150 ,3      ,1
 095500 ,1      ,1
 095500 ,4      ,0
 096150 ,1      ,0
 096150 ,2      ,1
 096150 ,3      ,0
 096150 ,4      ,1
 096150 ,5      ,0
 096400 ,1      ,1
 096400 ,2      ,0
 096400 ,3      ,1
 096400 ,4      ,0
 096400 ,5      ,1
 096650 ,2      ,1
 096650 ,3      ,0
 096650 ,5      ,0
 096650 ,6      ,1
 096700 ,6      ,0
 096950 ,1      ,0
 096950 ,2      ,0
 096950 ,3      ,1
 096950 ,4      ,1
 096950 ,5      ,1
 096950 ,6      ,1
 097100 ,6      ,0
 097100 ,7      ,1
 097350 ,3      ,0
 097350 ,4      ,0
 097350 ,5      ,0
 097400 ,7      ,0
 097400 ,8      ,1
 097850 ,7      ,1
 097850 ,8      ,0
 098050 ,7      ,0
 098050 ,8      ,1
 098300 ,7      ,1
 098550 ,6      ,1
 099400 ,6      ,0
 099400 ,8      ,0
 099600 ,3      ,1
 099600 ,7      ,0
 099750 ,2      ,1
 099750 ,3      ,0
 099950 ,2      ,0
 099950 ,3      ,1
 100250 ,3      ,0
 100250 ,4      ,1
 100550 ,3      ,1
 100550 ,4      ,0
 100800 ,2      ,1
 100800 ,4      ,1
 101050 ,1      ,1
 101050 ,5      ,1
 101550 ,1      ,0
 101550 ,2      ,0
 101550 ,3      ,0
 101550 ,4      ,0
 101550 ,5      ,0
 101550 ,7      ,1
 101800 ,3      ,1
 102050 ,5      ,1
 102300 ,2      ,1
 102600 ,4      ,1
 103000 ,1      ,1
 103200 ,6      ,1
 103550 ,8      ,1
 104200 ,3      ,0
 104200 ,4      ,0
 104200 ,5      ,0
 104200 ,6      ,0
 104200 ,7      ,0
 104200 ,8      ,0
 104350 ,3      ,1
 104350 ,4      ,1
 104350 ,5      ,1
 104700 ,6      ,1
 104700 ,7      ,1
 104700 ,8      ,1
 105100 ,1      ,0
 105100 ,2      ,0
 105100 ,3      ,0
 105100 ,4      ,0
 105100 ,5      ,0
 105100 ,6      ,0
 105100 ,7      ,0
 105100 ,8      ,0
 105300 ,1      ,1
 105300 ,2      ,1
 105300 ,3      ,1
 105300 ,4      ,1
 105300 ,5      ,1
 105300 ,6      ,1
 105300 ,7      ,1
 105300 ,8      ,1
 105800 ,1      ,0
 105800 ,2      ,0
 106000 ,3      ,0
 106000 ,4      ,0
 106000 ,5      ,0
 106050 ,7      ,0
 106100 ,7      ,1
 106600 ,6      ,0
 106600 ,8      ,0
 106800 ,3      ,1
 106800 ,6      ,1
 106800 ,7      ,0
 107050 ,2      ,1
 107050 ,3      ,0
 107050 ,4      ,1
 107200 ,2      ,0
 107200 ,3      ,1
 107200 ,4      ,0
 107200 ,6      ,0
 107200 ,7      ,1
 107350 ,2      ,1
 107350 ,3      ,0
 107350 ,4      ,1
 107350 ,6      ,1
 107350 ,7      ,0
 107650 ,2      ,0
 107650 ,3      ,1
 107650 ,4      ,0
 107750 ,6      ,0
 107750 ,7      ,1
 108050 ,2      ,1
 108050 ,3      ,0
 108050 ,4      ,1
 108200 ,2      ,0
 108200 ,3      ,1
 108200 ,4      ,0
 108350 ,6      ,1
 108350 ,7      ,0
 108400 ,2      ,1
 108400 ,3      ,0
 108400 ,4      ,1
 108650 ,2      ,0
 108700 ,2      ,1
 108750 ,6      ,0
 108750 ,7      ,1
 108950 ,6      ,1
 108950 ,7      ,0
 109000 ,2      ,0
 109000 ,3      ,1
 109000 ,4      ,0
 109150 ,2      ,1
 109150 ,3      ,0
 109150 ,4      ,1
 109350 ,6      ,0
 109350 ,7      ,1
 109550 ,2      ,0
 109550 ,3      ,1
 109550 ,4      ,0
 109900 ,1      ,1
 109900 ,2      ,1
 109900 ,3      ,0
 109900 ,6      ,1
 109900 ,7      ,0
 109900 ,8      ,1
 110550 ,3      ,1
 110550 ,4      ,1
 110550 ,6      ,0
 110550 ,7      ,1
 110550 ,8      ,0
 110800 ,6      ,1
 110800 ,7      ,0
 110800 ,8      ,1
 111350 ,5      ,1
 111350 ,7      ,1
 111600 ,2      ,0
 111600 ,3      ,0
 111600 ,4      ,0
 111600 ,5      ,0
 111600 ,6      ,0
 111600 ,7      ,0
 111600 ,8      ,0
 111800 ,2      ,1
 112000 ,1      ,0
 112000 ,3      ,1
 112250 ,2      ,0
 112250 ,4      ,1
 112550 ,3      ,0
 112550 ,5      ,1
 112850 ,4      ,0
 113150 ,1      ,1
 113150 ,5      ,0
 113350 ,2      ,1
 113800 ,3      ,1
 114000 ,4      ,1
 114400 ,5      ,1
 114750 ,1      ,0
 114750 ,2      ,0
 114750 ,3      ,0
 114750 ,4      ,0
 114750 ,5      ,0
 114750 ,6      ,1
 114750 ,8      ,1
 114950 ,5      ,1
 115000 ,4      ,1
 115150 ,3      ,1
 115300 ,2      ,1
 115300 ,6      ,0
 115300 ,7      ,1
 115300 ,8      ,0
 115500 ,1      ,1
 115750 ,6      ,1
 115750 ,7      ,0
 115750 ,8      ,1
 116300 ,2      ,0
 116300 ,3      ,0
 116300 ,4      ,0
 116300 ,8      ,0
 116500 ,1      ,0
 116500 ,2      ,1
 116500 ,3      ,1
 116500 ,4      ,1
 116500 ,5      ,0
 116500 ,7      ,1
 116850 ,1      ,1
 116850 ,2      ,0
 116850 ,3      ,0
 116850 ,4      ,0
 116850 ,5      ,1
 116850 ,8      ,1
 117500 ,1      ,0
 117500 ,3      ,1
 117500 ,5      ,0
 117650 ,2      ,1
 117650 ,4      ,1
 118000 ,1      ,1
 118000 ,5      ,1
 118600 ,2      ,0
 118600 ,4      ,0
 118600 ,6      ,0
 118600 ,8      ,0
 118950 ,1      ,0
 118950 ,2      ,1
 118950 ,3      ,0
 118950 ,4      ,1
 118950 ,5      ,0
 118950 ,6      ,1
 118950 ,8      ,1
 119100 ,1      ,1
 119100 ,2      ,0
 119100 ,3      ,1
 119100 ,4      ,0
 119100 ,5      ,1
 119250 ,1      ,0
 119250 ,2      ,1
 119250 ,3      ,0
 119250 ,4      ,1
 119250 ,5      ,0
 119250 ,7      ,0
 119600 ,1      ,1
 119600 ,2      ,0
 119600 ,3      ,1
 119600 ,4      ,0
 119600 ,5      ,1
 119600 ,7      ,1
 119850 ,1      ,0
 119850 ,2      ,1
 119850 ,3      ,0
 119850 ,4      ,1
 119850 ,5      ,0
 119850 ,7      ,0
 120050 ,1      ,1
 120050 ,2      ,0
 120050 ,4      ,0
 120050 ,5      ,1
 120400 ,2      ,1
 120400 ,3      ,1
 120400 ,4      ,1
 120450 ,6      ,0
 120800 ,7      ,1
 121000 ,1      ,0
 121000 ,2      ,0
 121000 ,3      ,0
 121000 ,4      ,0
 121000 ,5      ,0
 121050 ,6      ,1
 121050 ,7      ,0
 121050 ,8      ,0
 121300 ,7      ,1
 121600 ,8      ,1
 122000 ,1      ,1
 122000 ,2      ,1
 122000 ,3      ,1
 122000 ,4      ,1
 122000 ,5      ,1
 122000 ,6      ,0
 122000 ,7      ,0
 122000 ,8      ,0
 122250 ,6      ,1
 122450 ,1      ,0
 122450 ,2      ,0
 122450 ,3      ,0
 122450 ,4      ,0
 122450 ,5      ,0
 122500 ,6      ,0
 122500 ,7      ,1
 122550 ,1      ,1
 122550 ,2      ,1
 122550 ,3      ,1
 122550 ,4      ,1
 122550 ,5      ,1
 122700 ,7      ,0
 122700 ,8      ,1
 122750 ,1      ,0
 122750 ,2      ,0
 122750 ,3      ,0
 122750 ,4      ,0
 122750 ,5      ,0
 122850 ,1      ,1
 122850 ,2      ,1
 122850 ,3      ,1
 122850 ,4      ,1
 122850 ,5      ,1
 123000 ,1      ,0
 123000 ,2      ,0
 123000 ,3      ,0
 123000 ,4      ,0
 123000 ,5      ,0
 123150 ,8      ,0
 123400 ,1      ,1
 123400 ,2      ,1
 123400 ,3      ,1
 123400 ,4      ,1
 123400 ,5      ,1
 123450 ,6      ,1
 123450 ,7      ,1
 123450 ,8      ,1
 123600 ,6      ,0
 123600 ,7      ,0
 123600 ,8      ,0
 123700 ,6      ,1
 123700 ,7      ,1
 123700 ,8      ,1
 123900 ,1      ,0
 123900 ,2      ,0
 123900 ,3      ,0
 123900 ,4      ,0
 123900 ,5      ,0
 124000 ,6      ,0
 124000 ,7      ,0
 124000 ,8      ,0
 124100 ,5      ,1
 124100 ,6      ,1
 124350 ,4      ,1
 124350 ,5      ,0
 124350 ,6      ,0
 124350 ,7      ,1
 124550 ,3      ,1
 124550 ,4      ,0
 124550 ,7      ,0
 124550 ,8      ,1
 124800 ,2      ,1
 124800 ,3      ,0
 124800 ,7      ,1
 125150 ,1      ,1
 125150 ,3      ,1
 125150 ,4      ,1
 125150 ,5      ,1
 125150 ,6      ,1
 125700 ,1      ,0
 125700 ,2      ,0
 125700 ,3      ,0
 125700 ,4      ,0
 125700 ,5      ,0
 125700 ,7      ,0
 125900 ,6      ,0
 125900 ,7      ,1
 125900 ,8      ,0
 126100 ,6      ,1
 126100 ,7      ,0
 126100 ,8      ,1
 126400 ,6      ,0
 126400 ,7      ,1
 126400 ,8      ,0
 126650 ,6      ,1
 126650 ,7      ,0
 126900 ,6      ,0
 126900 ,7      ,1
 127400 ,6      ,1
 127400 ,7      ,0
 127550 ,6      ,0
 127550 ,8      ,1
 127950 ,7      ,1
 127950 ,8      ,0
 128250 ,6      ,1
 128250 ,7      ,0
 128250 ,8      ,1
 128600 ,6      ,0
 128600 ,7      ,1
 128600 ,8      ,0
 128850 ,1      ,1
 128850 ,2      ,1
 128950 ,7      ,0
 129150 ,1      ,0
 129150 ,2      ,0
 129150 ,3      ,1
 129150 ,4      ,1
 129150 ,5      ,1
 129500 ,1      ,1
 129500 ,2      ,1
 129500 ,3      ,0
 129500 ,4      ,0
 129500 ,5      ,0
 129750 ,1      ,0
 129750 ,2      ,0
 129750 ,3      ,1
 129750 ,4      ,1
 129750 ,5      ,1
 130050 ,1      ,1
 130050 ,2      ,1
 130050 ,3      ,0
 130050 ,4      ,0
 130050 ,5      ,0
 130400 ,1      ,0
 130400 ,2      ,0
 130400 ,3      ,1
 130400 ,4      ,1
 130400 ,5      ,1
 130700 ,1      ,1
 130700 ,2      ,1
 130700 ,3      ,0
 130700 ,4      ,0
 130700 ,5      ,0
 131000 ,1      ,0
 131000 ,2      ,0
 131000 ,3      ,1
 131000 ,4      ,1
 131000 ,5      ,1
 131250 ,1      ,1
 131250 ,4      ,0
 131250 ,5      ,0
 131250 ,6      ,1
 131600 ,1      ,0
 131600 ,2      ,1
 131600 ,3      ,0
 131600 ,4      ,1
 131600 ,6      ,0
 131600 ,7      ,1
 131850 ,2      ,0
 131850 ,3      ,1
 131850 ,4      ,0
 131850 ,6      ,1
 131850 ,7      ,0
 132000 ,1      ,1
 132000 ,3      ,0
 132000 ,5      ,1
 132000 ,6      ,0
 132000 ,7      ,1
 132400 ,1      ,0
 132400 ,2      ,1
 132400 ,4      ,1
 132400 ,5      ,0
 132400 ,6      ,1
 132400 ,7      ,0
 132400 ,8      ,1
 132750 ,2      ,0
 132750 ,3      ,1
 132750 ,4      ,0
 132750 ,6      ,0
 132750 ,7      ,1
 132750 ,8      ,0
 133100 ,6      ,1
 133100 ,7      ,0
 133300 ,2      ,1
 133300 ,4      ,1
 133300 ,7      ,1
 133700 ,1      ,1
 133700 ,5      ,1
 133700 ,8      ,1
 134250 ,1      ,0
 134250 ,2      ,0
 134250 ,3      ,0
 134250 ,4      ,0
 134250 ,5      ,0
 134250 ,6      ,0
 134250 ,7      ,0
 134250 ,8      ,0
 134400 ,4      ,1
 134400 ,5      ,1
 134550 ,3      ,1
 134850 ,1      ,1
 134850 ,2      ,1
 135750 ,2      ,0
 135750 ,5      ,0
 135750 ,7      ,1
 135800 ,1      ,0
 135800 ,2      ,1
 135800 ,3      ,0
 135800 ,4      ,0
 135800 ,7      ,0
 135850 ,1      ,1
 135850 ,4      ,1
 135850 ,6      ,1
 135850 ,8      ,1
 135900 ,1      ,0
 135900 ,2      ,0
 135900 ,4      ,0
 135900 ,7      ,1
 135900 ,8      ,0
 135950 ,3      ,1
 135950 ,5      ,1
 135950 ,6      ,0
 135950 ,7      ,0
 135950 ,8      ,1
 136000 ,1      ,1
 136000 ,2      ,1
 136000 ,6      ,1
 136000 ,7      ,1
 136050 ,1      ,0
 136050 ,2      ,0
 136050 ,3      ,0
 136050 ,7      ,0
 136100 ,1      ,1
 136100 ,2      ,1
 136100 ,3      ,1
 136100 ,7      ,1
 136150 ,1      ,0
 136150 ,2      ,0
 136150 ,3      ,0
 136150 ,4      ,1
 136150 ,5      ,0
 136200 ,1      ,1
 136200 ,2      ,1
 136200 ,3      ,1
 136200 ,5      ,1
 136300 ,5      ,0
 136300 ,7      ,0
 136350 ,1      ,0
 136350 ,2      ,0
 136350 ,3      ,0
 136350 ,4      ,0
 136350 ,5      ,1
 136350 ,6      ,0
 136400 ,3      ,1
 136400 ,6      ,1
 136450 ,1      ,1
 136450 ,3      ,0
 136450 ,5      ,0
 136450 ,6      ,0
 136500 ,1      ,0
 136500 ,3      ,1
 136500 ,4      ,1
 136500 ,8      ,0
 136550 ,4      ,0
 136600 ,3      ,0
 136600 ,4      ,1
 136650 ,1      ,1
 136650 ,2      ,1
 136650 ,6      ,1
 136650 ,7      ,1
 136650 ,8      ,1
 136700 ,3      ,1
 136700 ,5      ,1
 136750 ,7      ,0
 136800 ,3      ,0
 136850 ,3      ,1
 136850 ,7      ,1
 136850 ,8      ,0
 136900 ,3      ,0
 136900 ,5      ,0
 136900 ,8      ,1
 136950 ,1      ,0
 136950 ,2      ,0
 136950 ,4      ,0
 136950 ,5      ,1
 136950 ,6      ,0
 136950 ,8      ,0
 137000 ,2      ,1
 137000 ,6      ,1
 137000 ,7      ,0
 137050 ,1      ,1
 137050 ,4      ,1
 137050 ,5      ,0
 137050 ,6      ,0
 137050 ,8      ,1
 137100 ,1      ,0
 137100 ,5      ,1
 137100 ,7      ,1
 137100 ,8      ,0
 137150 ,2      ,0
 137150 ,3      ,1
 137150 ,4      ,0
 137150 ,5      ,0
 137150 ,8      ,1
 137200 ,2      ,1
 137200 ,4      ,1
 137200 ,5      ,1
 137200 ,6      ,1
 137200 ,7      ,0
 137200 ,8      ,0
 137250 ,5      ,0
 137250 ,7      ,1
 137250 ,8      ,1
 137300 ,1      ,1
 137300 ,2      ,0
 137350 ,1      ,0
 137350 ,2      ,1
 137350 ,3      ,0
 137350 ,4      ,0
 137350 ,5      ,1
 137350 ,6      ,0
 137350 ,7      ,0
 137350 ,8      ,0
 137400 ,6      ,1
 137400 ,7      ,1
 137400 ,8      ,1
 137450 ,1      ,1
 137450 ,3      ,1
 137450 ,4      ,1
 137500 ,1      ,0
 137500 ,2      ,0
 137500 ,3      ,0
 137500 ,4      ,0
 137500 ,5      ,0
 137500 ,6      ,0
 137500 ,8      ,0
 137550 ,3      ,1
 137550 ,7      ,0
 137550 ,8      ,1
 137600 ,3      ,0
 137600 ,5      ,1
 137600 ,8      ,0
 137650 ,4      ,1
 137650 ,7      ,1
 137700 ,1      ,1
 137700 ,2      ,1
 137700 ,3      ,1
 137700 ,5      ,0
 137700 ,6      ,1
 137700 ,8      ,1
 137750 ,4      ,0
 137750 ,5      ,1
 137800 ,1      ,0
 137800 ,2      ,0
 137800 ,3      ,0
 137800 ,7      ,0
 137800 ,8      ,0
 137850 ,3      ,1
 137850 ,4      ,1
 137850 ,7      ,1
 137850 ,8      ,1
 137900 ,1      ,1
 137900 ,2      ,1
 137950 ,8      ,0
 138000 ,2      ,0
 138000 ,3      ,0
 138000 ,5      ,0
 138000 ,6      ,0
 138050 ,3      ,1
 138050 ,4      ,0
 138050 ,5      ,1
 138050 ,8      ,1
 138100 ,1      ,0
 138100 ,3      ,0
 138100 ,4      ,1
 138100 ,5      ,0
 138100 ,7      ,0
 138150 ,1      ,1
 138150 ,2      ,1
 138150 ,3      ,1
 138150 ,4      ,0
 138150 ,5      ,1
 138150 ,7      ,1
 138200 ,1      ,0
 138200 ,2      ,0
 138200 ,3      ,0
 138200 ,5      ,0
 138200 ,8      ,0
 138250 ,1      ,1
 138250 ,2      ,1
 138250 ,3      ,1
 138250 ,4      ,1
 138250 ,5      ,1
 138250 ,7      ,0
 138250 ,8      ,1
 138300 ,1      ,0
 138300 ,2      ,0
 138300 ,3      ,0
 138300 ,4      ,0
 138300 ,5      ,0
 138300 ,6      ,1
 138300 ,8      ,0
 138350 ,1      ,1
 138350 ,2      ,1
 138350 ,3      ,1
 138350 ,4      ,1
 138350 ,5      ,1
 138350 ,7      ,1
 138350 ,8      ,1
 138400 ,5      ,0
 138400 ,8      ,0
 138450 ,1      ,0
 138450 ,3      ,0
 138450 ,4      ,0
 138450 ,6      ,0
 138450 ,7      ,0
 138500 ,1      ,1
 138500 ,3      ,1
 138500 ,4      ,1
 138500 ,5      ,1
 138500 ,6      ,1
 138500 ,7      ,1
 138500 ,8      ,1
 138600 ,2      ,0
 138600 ,4      ,0
 138600 ,6      ,0
 138600 ,7      ,0
 138650 ,1      ,0
 138650 ,3      ,0
 138650 ,8      ,0
 138700 ,3      ,1
 138700 ,6      ,1
 138700 ,8      ,1
 138750 ,2      ,1
 138750 ,4      ,1
 138750 ,7      ,1
 138800 ,1      ,1
 138850 ,1      ,0
 138850 ,3      ,0
 138850 ,4      ,0
 138850 ,6      ,0
 138850 ,8      ,0
 138900 ,1      ,1
 138900 ,4      ,1
 138900 ,6      ,1
 138950 ,1      ,0
 138950 ,2      ,0
 138950 ,3      ,1
 138950 ,8      ,1
 139000 ,1      ,1
 139000 ,2      ,1
 139000 ,3      ,0
 139000 ,5      ,0
 139000 ,8      ,0
 139050 ,2      ,0
 139050 ,3      ,1
 139050 ,4      ,0
 139050 ,5      ,1
 139050 ,7      ,0
 139100 ,2      ,1
 139100 ,5      ,0
 139100 ,6      ,0
 139100 ,7      ,1
 139150 ,1      ,0
 139150 ,2      ,0
 139150 ,3      ,0
 139150 ,5      ,1
 139150 ,6      ,1
 139150 ,8      ,1
 139200 ,2      ,1
 139200 ,3      ,1
 139200 ,7      ,0
 139250 ,3      ,0
 139250 ,5      ,0
 139250 ,6      ,0
 139250 ,7      ,1
 139250 ,8      ,0
 139300 ,1      ,1
 139300 ,3      ,1
 139300 ,4      ,1
 139300 ,6      ,1
 139300 ,8      ,1
 139350 ,3      ,0
 139350 ,4      ,0
 139350 ,5      ,1
 139350 ,6      ,0
 139350 ,8      ,0
 139400 ,3      ,1
 139400 ,4      ,1
 139400 ,6      ,1
 139400 ,8      ,1
 139450 ,4      ,0
 139500 ,1      ,0
 139500 ,2      ,0
 139500 ,4      ,1
 139500 ,5      ,0
 139500 ,6      ,0
 139500 ,7      ,0
 139500 ,8      ,0
 139550 ,1      ,1
 139550 ,2      ,1
 139550 ,5      ,1
 139550 ,6      ,1
 139550 ,7      ,1
 139550 ,8      ,1
 139600 ,2      ,0
 139600 ,4      ,0
 139600 ,6      ,0
 139600 ,7      ,0
 139650 ,4      ,1
 139650 ,5      ,0
 139650 ,6      ,1
 139650 ,7      ,1
 139700 ,2      ,1
 139700 ,5      ,1
 139700 ,7      ,0
 139750 ,1      ,0
 139750 ,3      ,0
 139750 ,5      ,0
 139750 ,7      ,1
 139750 ,8      ,0
 139800 ,1      ,1
 139800 ,3      ,1
 139800 ,5      ,1
 139850 ,2      ,0
 139850 ,4      ,0
 139850 ,5      ,0
 139850 ,6      ,0
 139850 ,8      ,1
 139900 ,2      ,1
 139900 ,4      ,1
 139900 ,5      ,1
 139900 ,6      ,1
 139950 ,1      ,0
 139950 ,3      ,0
 139950 ,4      ,0
 139950 ,5      ,0
 139950 ,6      ,0
 139950 ,7      ,0
 140000 ,1      ,1
 140000 ,3      ,1
 140000 ,4      ,1
 140050 ,1      ,0
 140050 ,3      ,0
 140050 ,5      ,1
 140050 ,6      ,1
 140050 ,7      ,1
 140100 ,1      ,1
 140100 ,2      ,0
 140100 ,3      ,1
 140100 ,5      ,0
 140150 ,1      ,0
 140150 ,2      ,1
 140150 ,5      ,1
 140200 ,1      ,1
 140200 ,2      ,0
 140200 ,3      ,0
 140200 ,4      ,0
 140200 ,8      ,0
 140250 ,2      ,1
 140250 ,3      ,1
 140250 ,4      ,1
 140250 ,5      ,0
 140300 ,2      ,0
 140300 ,3      ,0
 140300 ,5      ,1
 140300 ,6      ,0
 140350 ,7      ,0
 140400 ,2      ,1
 140400 ,6      ,1
 140400 ,7      ,1
 140450 ,3      ,1
 140450 ,6      ,0
 140450 ,7      ,0
 140500 ,6      ,1
 140500 ,7      ,1
 140550 ,1      ,0
 140550 ,2      ,0
 140600 ,3      ,0
 140600 ,4      ,0
 140600 ,6      ,0
 140650 ,5      ,0
 140700 ,3      ,1
 140700 ,4      ,1
 140700 ,7      ,0
 140750 ,1      ,1
 140750 ,5      ,1
 140750 ,7      ,1
 140750 ,8      ,1
 140800 ,2      ,1
 140800 ,4      ,0
 140850 ,1      ,0
 140850 ,5      ,0
 140850 ,7      ,0
 140850 ,8      ,0
 140900 ,1      ,1
 140900 ,3      ,0
 140900 ,4      ,1
 140900 ,5      ,1
 140900 ,6      ,1
 140900 ,7      ,1
 140900 ,8      ,1
 140950 ,4      ,0
 141000 ,3      ,1
 141000 ,4      ,1
 141050 ,6      ,0
 141100 ,3      ,0
 141100 ,6      ,1
 141100 ,8      ,0
 141150 ,3      ,1
 141150 ,8      ,1
 141200 ,3      ,0
 141200 ,6      ,0
 141250 ,3      ,1
 141250 ,6      ,1
 141250 ,8      ,0
 141300 ,2      ,0
 141300 ,5      ,0
 141300 ,6      ,0
 141350 ,2      ,1
 141350 ,3      ,0
 141350 ,4      ,0
 141350 ,5      ,1
 141400 ,3      ,1
 141400 ,4      ,1
 141400 ,6      ,1
 141400 ,7      ,0
 141450 ,7      ,1
 141500 ,1      ,0
 141500 ,2      ,0
 141500 ,3      ,0
 141500 ,5      ,0
 141500 ,7      ,0
 141500 ,8      ,1
 141550 ,1      ,1
 141550 ,2      ,1
 141550 ,3      ,1
 141550 ,5      ,1
 141550 ,6      ,0
 141550 ,7      ,1
 141550 ,8      ,0
 141600 ,2      ,0
 141600 ,3      ,0
 141600 ,5      ,0
 141600 ,6      ,1
 141650 ,1      ,0
 141650 ,2      ,1
 141650 ,4      ,0
 141650 ,6      ,0
 141650 ,7      ,0
 141700 ,2      ,0
 141700 ,4      ,1
 141700 ,8      ,1
 141750 ,2      ,1
 141750 ,3      ,1
 141750 ,5      ,1
 141750 ,6      ,1
 141750 ,7      ,1
 141750 ,8      ,0
 141800 ,2      ,0
 141800 ,3      ,0
 141800 ,4      ,0
 141800 ,7      ,0
 141850 ,2      ,1
 141850 ,8      ,1
 141900 ,1      ,1
 141900 ,3      ,1
 141900 ,4      ,1
 141900 ,7      ,1
 141950 ,1      ,0
 141950 ,4      ,0
 141950 ,5      ,0
 142000 ,1      ,1
 142000 ,4      ,1
 142000 ,5      ,1
 142050 ,1      ,0
 142050 ,2      ,0
 142050 ,3      ,0
 142050 ,4      ,0
 142050 ,6      ,0
 142100 ,1      ,1
 142100 ,2      ,1
 142100 ,3      ,1
 142100 ,6      ,1
 142100 ,7      ,0
 142100 ,8      ,0
 142150 ,3      ,0
 142150 ,5      ,0
 142150 ,6      ,0
 142150 ,8      ,1
 142200 ,1      ,0
 142200 ,3      ,1
 142200 ,4      ,1
 142200 ,5      ,1
 142200 ,7      ,1
 142200 ,8      ,0
 142250 ,1      ,1
 142250 ,3      ,0
 142250 ,5      ,0
 142250 ,6      ,1
 142250 ,8      ,1
 142300 ,1      ,0
 142300 ,4      ,0
 142300 ,7      ,0
 142300 ,8      ,0
 142350 ,1      ,1
 142350 ,4      ,1
 142350 ,5      ,1
 142350 ,7      ,1
 142350 ,8      ,1
 142400 ,3      ,1
 142450 ,1      ,0
 142450 ,3      ,0
 142450 ,5      ,0
 142500 ,1      ,1
 142500 ,3      ,1
 142500 ,5      ,1
 142550 ,1      ,0
 142550 ,2      ,0
 142550 ,7      ,0
 142550 ,8      ,0
 142600 ,1      ,1
 142600 ,2      ,1
 142600 ,7      ,1
 142600 ,8      ,1
 142650 ,1      ,0
 142650 ,6      ,0
 142700 ,1      ,1
 142700 ,6      ,1
 142800 ,3      ,0
 142800 ,7      ,0
 142850 ,3      ,1
 142850 ,7      ,1
 142900 ,2      ,0
 142900 ,4      ,0
 142900 ,5      ,0
 142950 ,6      ,0
 142950 ,7      ,0
 143000 ,1      ,0
 143000 ,2      ,1
 143000 ,3      ,0
 143000 ,4      ,1
 143000 ,7      ,1
 143050 ,2      ,0
 143050 ,3      ,1
 143050 ,4      ,0
 143050 ,7      ,0
 143050 ,8      ,0
 143100 ,1      ,1
 143100 ,2      ,1
 143100 ,3      ,0
 143100 ,4      ,1
 143100 ,5      ,1
 143100 ,7      ,1
 143100 ,8      ,1
 143150 ,3      ,1
 143150 ,5      ,0
 143150 ,6      ,1
 143200 ,2      ,0
 143200 ,3      ,0
 143200 ,4      ,0
 143200 ,5      ,1
 143250 ,2      ,1
 143250 ,3      ,1
 143250 ,4      ,1
 143300 ,5      ,0
 143300 ,7      ,0
 143350 ,1      ,0
 143350 ,3      ,0
 143350 ,5      ,1
 143350 ,7      ,1
 143400 ,2      ,0
 143400 ,5      ,0
 143400 ,6      ,0
 143400 ,7      ,0
 143400 ,8      ,0
 143450 ,2      ,1
 143450 ,4      ,0
 143500 ,1      ,1
 143500 ,4      ,1
 143500 ,7      ,1
 143550 ,1      ,0
 143550 ,2      ,0
 143600 ,1      ,1
 143600 ,2      ,1
 143600 ,3      ,1
 143600 ,5      ,1
 143600 ,6      ,1
 143600 ,8      ,1
 143650 ,1      ,0
 143650 ,2      ,0
 143650 ,3      ,0
 143650 ,4      ,0
 143650 ,6      ,0
 143650 ,7      ,0
 143650 ,8      ,0
 143700 ,4      ,1
 143700 ,5      ,0
 143750 ,1      ,1
 143750 ,3      ,1
 143750 ,4      ,0
 143750 ,5      ,1
 143750 ,7      ,1
 143750 ,8      ,1
 143800 ,4      ,1
 143800 ,6      ,1
 143850 ,2      ,1
 143900 ,1      ,0
 143900 ,7      ,0
 143900 ,8      ,0
 143950 ,1      ,1
 143950 ,7      ,1
 143950 ,8      ,1
 144000 ,2      ,0
 144000 ,7      ,0
 144050 ,1      ,0
 144100 ,1      ,1
 144100 ,2      ,1
 144100 ,7      ,1
 144150 ,1      ,0
 144150 ,4      ,0
 144150 ,5      ,0
 144150 ,8      ,0
 144200 ,1      ,1
 144200 ,5      ,1
 144250 ,4      ,1
 144250 ,8      ,1
 144300 ,7      ,0
 144350 ,7      ,1
 144400 ,1      ,0
 144400 ,2      ,0
 144400 ,3      ,0
 144400 ,4      ,0
 144400 ,5      ,0
 144400 ,6      ,0
 144400 ,8      ,0
 144450 ,3      ,1
 144450 ,6      ,1
 144450 ,7      ,0
 144500 ,1      ,1
 144500 ,2      ,1
 144500 ,5      ,1
 144500 ,6      ,0
 144550 ,1      ,0
 144550 ,2      ,0
 144550 ,3      ,0
 144550 ,4      ,1
 144600 ,1      ,1
 144600 ,3      ,1
 144600 ,4      ,0
 144600 ,6      ,1
 144600 ,7      ,1
 144650 ,2      ,1
 144650 ,4      ,1
 144650 ,6      ,0
 144700 ,1      ,0
 144700 ,2      ,0
 144700 ,7      ,0
 144750 ,1      ,1
 144750 ,3      ,0
 144750 ,4      ,0
 144750 ,5      ,0
 144750 ,6      ,1
 144750 ,7      ,1
 144750 ,8      ,1
 144800 ,1      ,0
 144800 ,3      ,1
 144800 ,6      ,0
 144800 ,7      ,0
 144800 ,8      ,0
 144850 ,2      ,1
 144850 ,3      ,0
 144850 ,4      ,1
 144900 ,4      ,0
 144950 ,1      ,1
 144950 ,3      ,1
 144950 ,4      ,1
 144950 ,6      ,1
 144950 ,7      ,1
 144950 ,8      ,1
 145000 ,1      ,0
 145000 ,2      ,0
 145000 ,3      ,0
 145000 ,6      ,0
 145000 ,8      ,0
 145050 ,4      ,0
 145050 ,7      ,0
 145100 ,1      ,1
 145100 ,2      ,1
 145200 ,3      ,1
 145200 ,6      ,1
 145200 ,7      ,1
 145200 ,8      ,1
 145250 ,6      ,0
 145300 ,7      ,0
 145350 ,8      ,0
 145400 ,4      ,1
 145400 ,5      ,1
 145400 ,7      ,1
 145450 ,6      ,1
 145450 ,7      ,0
 145450 ,8      ,1
 145500 ,6      ,0
 145500 ,7      ,1
 145550 ,6      ,1
 145550 ,7      ,0
 145550 ,8      ,0
 145600 ,7      ,1
 145600 ,8      ,1
 145650 ,7      ,0
 145800 ,1      ,0
 145800 ,2      ,0
 145800 ,3      ,0
 145800 ,4      ,0
 145800 ,5      ,0
 145800 ,7      ,1
 145850 ,7      ,0
 145900 ,7      ,1
 145950 ,5      ,1
 145950 ,6      ,0
 145950 ,7      ,0
 146000 ,6      ,1
 146000 ,8      ,0
 146050 ,6      ,0
 146100 ,4      ,1
 146100 ,5      ,0
 146100 ,7      ,1
 146100 ,8      ,1
 146150 ,6      ,1
 146150 ,7      ,0
 146150 ,8      ,0
 146200 ,8      ,1
 146250 ,6      ,0
 146250 ,8      ,0
 146300 ,3      ,1
 146300 ,4      ,0
 146300 ,6      ,1
 146300 ,7      ,1
 146300 ,8      ,1
 146350 ,6      ,0
 146350 ,7      ,0
 146350 ,8      ,0
 146400 ,2      ,1
 146400 ,3      ,0
 146400 ,7      ,1
 146400 ,8      ,1
 146450 ,6      ,1
 146500 ,7      ,0
 146500 ,8      ,0
 146550 ,6      ,0
 146550 ,7      ,1
 146550 ,8      ,1
 146600 ,1      ,1
 146600 ,2      ,0
 146600 ,6      ,1
 146650 ,6      ,0
 146700 ,6      ,1
 146750 ,6      ,0
 146800 ,6      ,1
 146800 ,8      ,0
 146850 ,8      ,1
 146900 ,7      ,0
 146900 ,8      ,0
 146950 ,7      ,1
 146950 ,8      ,1
 147050 ,1      ,0
 147050 ,8      ,0
 147100 ,7      ,0
 147100 ,8      ,1
 147150 ,6      ,0
 147150 ,7      ,1
 147150 ,8      ,0
 147200 ,6      ,1
 147200 ,8      ,1
 147300 ,7      ,0
 147300 ,8      ,0
 147350 ,7      ,1
 147350 ,8      ,1
 147400 ,7      ,0
 147400 ,8      ,0
 147450 ,6      ,0
 147450 ,7      ,1
 147500 ,1      ,1
 147500 ,7      ,0
 147550 ,6      ,1
 147550 ,7      ,1
 147550 ,8      ,1
 147600 ,6      ,0
 147600 ,8      ,0
 147650 ,7      ,0
 147650 ,8      ,1
 147700 ,7      ,1
 147700 ,8      ,0
 147750 ,1      ,0
 147750 ,4      ,1
 147750 ,6      ,1
 147750 ,8      ,1
 147800 ,8      ,0
 147850 ,6      ,0
 147850 ,7      ,0
 147850 ,8      ,1
 147900 ,4      ,0
 147900 ,5      ,1
 147900 ,6      ,1
 147900 ,8      ,0
 147950 ,7      ,1
 147950 ,8      ,1
 148050 ,7      ,0
 148100 ,6      ,0
 148100 ,8      ,0
 148150 ,2      ,1
 148150 ,5      ,0
 148150 ,6      ,1
 148150 ,7      ,1
 148150 ,8      ,1
 148250 ,6      ,0
 148250 ,7      ,0
 148250 ,8      ,0
 148300 ,6      ,1
 148300 ,7      ,1
 148300 ,8      ,1
 148500 ,6      ,0
 148550 ,2      ,0
 148550 ,4      ,1
 148550 ,8      ,0
 148600 ,7      ,0
 148650 ,7      ,1
 148650 ,8      ,1
 148700 ,8      ,0
 148750 ,1      ,1
 148750 ,7      ,0
 148800 ,6      ,1
 148800 ,7      ,1
 148800 ,8      ,1
 148850 ,6      ,0
 148850 ,8      ,0
 148900 ,6      ,1
 148900 ,8      ,1
 149000 ,6      ,0
 149000 ,7      ,0
 149050 ,1      ,0
 149050 ,2      ,1
 149050 ,3      ,1
 149050 ,4      ,0
 149050 ,7      ,1
 149050 ,8      ,0
 149100 ,7      ,0
 149150 ,6      ,1
 149150 ,7      ,1
 149150 ,8      ,1
 149250 ,6      ,0
 149250 ,7      ,0
 149250 ,8      ,0
 149350 ,4      ,1
 149350 ,6      ,1
 149400 ,7      ,1
 149400 ,8      ,1
 149450 ,6      ,0
 149450 ,7      ,0
 149450 ,8      ,0
 149500 ,7      ,1
 149500 ,8      ,1
 149550 ,1      ,1
 149550 ,4      ,0
 149550 ,6      ,1
 149600 ,7      ,0
 149600 ,8      ,0
 149650 ,7      ,1
 149650 ,8      ,1
 149700 ,6      ,0
 149700 ,8      ,0
 149750 ,1      ,0
 149750 ,2      ,0
 149750 ,3      ,0
 149750 ,7      ,0
 149800 ,6      ,1
 149800 ,7      ,1
 149850 ,5      ,1
 149850 ,6      ,0
 149850 ,7      ,0
 149900 ,6      ,1
 149900 ,8      ,1
 149950 ,7      ,1
 150000 ,4      ,1
 150000 ,5      ,0
 150000 ,6      ,0
 150050 ,7      ,0
 150050 ,8      ,0
 150100 ,7      ,1
 150150 ,3      ,1
 150150 ,4      ,0
 150150 ,6      ,1
 150150 ,7      ,0
 150150 ,8      ,1
 150200 ,8      ,0
 150250 ,6      ,0
 150350 ,7      ,1
 150350 ,8      ,1
 150400 ,6      ,1
 150500 ,6      ,0
 150500 ,8      ,0
 150550 ,6      ,1
 150550 ,8      ,1
 150600 ,3      ,0
 150600 ,4      ,1
 150650 ,6      ,0
 150650 ,8      ,0
 150700 ,6      ,1
 150700 ,8      ,1
 150800 ,7      ,0
 150850 ,1      ,1
 150850 ,2      ,1
 150850 ,4      ,0
 150850 ,6      ,0
 150850 ,8      ,0
 150950 ,6      ,1
 150950 ,8      ,1
 151000 ,6      ,0
 151000 ,8      ,0
 151050 ,1      ,0
 151050 ,2      ,0
 151050 ,3      ,1
 151050 ,6      ,1
 151100 ,7      ,1
 151100 ,8      ,1
 151150 ,6      ,0
 151200 ,6      ,1
 151200 ,7      ,0
 151200 ,8      ,0
 151250 ,7      ,1
 151250 ,8      ,1
 151300 ,3      ,0
 151300 ,4      ,1
 151300 ,5      ,1
 151350 ,8      ,0
 151400 ,8      ,1
 151500 ,4      ,0
 151500 ,5      ,0
 151500 ,7      ,0
 151500 ,8      ,0
 151550 ,6      ,0
 151550 ,7      ,1
 151600 ,7      ,0
 151650 ,6      ,1
 151650 ,7      ,1
 151650 ,8      ,1
 151700 ,6      ,0
 151700 ,7      ,0
 151700 ,8      ,0
 151750 ,7      ,1
 151800 ,6      ,1
 151800 ,7      ,0
 151800 ,8      ,1
 151850 ,6      ,0
 151850 ,8      ,0
 151900 ,6      ,1
 152000 ,6      ,0
 152000 ,7      ,1
 152050 ,1      ,1
 152050 ,4      ,1
 152050 ,5      ,1
 152050 ,6      ,1
 152050 ,8      ,1
 152100 ,1      ,0
 152100 ,2      ,1
 152100 ,4      ,0
 152100 ,5      ,0
 152100 ,6      ,0
 152100 ,8      ,0
 152150 ,1      ,1
 152150 ,3      ,1
 152150 ,4      ,1
 152150 ,5      ,1
 152150 ,8      ,1
 152200 ,1      ,0
 152200 ,6      ,1
 152250 ,1      ,1
 152250 ,7      ,0
 152300 ,1      ,0
 152300 ,3      ,0
 152300 ,7      ,1
 152350 ,1      ,1
 152350 ,2      ,0
 152350 ,3      ,1
 152350 ,4      ,0
 152350 ,5      ,0
 152400 ,1      ,0
 152400 ,2      ,1
 152400 ,6      ,0
 152400 ,7      ,0
 152450 ,1      ,1
 152450 ,2      ,0
 152450 ,3      ,0
 152450 ,5      ,1
 152500 ,1      ,0
 152500 ,5      ,0
 152500 ,8      ,0
 152550 ,1      ,1
 152550 ,2      ,1
 152550 ,3      ,1
 152550 ,4      ,1
 152550 ,5      ,1
 152550 ,6      ,1
 152550 ,7      ,1
 152550 ,8      ,1
 152700 ,1      ,0
 152700 ,2      ,0
 152700 ,3      ,0
 152700 ,4      ,0
 152700 ,5      ,0
 152700 ,6      ,0
 152700 ,7      ,0
 152700 ,8      ,0
 152850 ,1      ,1
 152850 ,2      ,1
 152850 ,3      ,1
 152850 ,4      ,1
 152850 ,5      ,1
 152850 ,6      ,1
 152850 ,7      ,1
 152850 ,8      ,1
 153000 ,1      ,0
 153000 ,2      ,0
 153000 ,3      ,0
 153000 ,4      ,0
 153000 ,5      ,0
 153000 ,6      ,0
 153000 ,7      ,0
 153000 ,8      ,0
 153100 ,1      ,1
 153100 ,2      ,1
 153350 ,1      ,0
 153350 ,2      ,0
 153350 ,3      ,1
 153550 ,3      ,0
 153550 ,4      ,1
 153550 ,5      ,1
 153800 ,4      ,0
 153800 ,5      ,0
 153950 ,1      ,1
 153950 ,2      ,1
 153950 ,3      ,1
 153950 ,4      ,1
 153950 ,5      ,1
 153950 ,6      ,1
 153950 ,7      ,1
 153950 ,8      ,1
 154600 ,1      ,0
 154600 ,2      ,0
 154600 ,4      ,0
 154600 ,5      ,0
 154600 ,7      ,0
 154600 ,8      ,0
 154750 ,2      ,1
 154750 ,3      ,0
 154750 ,4      ,1
 154900 ,2      ,0
 154900 ,3      ,1
 154900 ,4      ,0
 154900 ,6      ,0
 154900 ,7      ,1
 155050 ,2      ,1
 155050 ,3      ,0
 155050 ,4      ,1
 155050 ,6      ,1
 155050 ,7      ,0
 155350 ,2      ,0
 155350 ,3      ,1
 155350 ,4      ,0
 155450 ,6      ,0
 155450 ,7      ,1
 155750 ,2      ,1
 155750 ,3      ,0
 155750 ,4      ,1
 155900 ,2      ,0
 155900 ,3      ,1
 155900 ,4      ,0
 156050 ,6      ,1
 156050 ,7      ,0
 156100 ,2      ,1
 156100 ,3      ,0
 156100 ,4      ,1
 156350 ,2      ,0
 156400 ,2      ,1
 156450 ,6      ,0
 156450 ,7      ,1
 156650 ,6      ,1
 156650 ,7      ,0
 156700 ,2      ,0
 156700 ,3      ,1
 156700 ,4      ,0
 156850 ,2      ,1
 156850 ,3      ,0
 156850 ,4      ,1
 157050 ,6      ,0
 157050 ,7      ,1
 157250 ,2      ,0
 157250 ,3      ,1
 157250 ,4      ,0
 157450 ,1      ,1
 157450 ,3      ,0
 157450 ,7      ,0
 157500 ,2      ,1
 157550 ,3      ,1
 157600 ,1      ,0
 157600 ,4      ,1
 157650 ,2      ,0
 157650 ,5      ,1
 157700 ,3      ,0
 157800 ,4      ,0
 157850 ,1      ,1
 157850 ,2      ,1
 157850 ,3      ,1
 157850 ,4      ,1
 158150 ,1      ,0
 158150 ,2      ,0
 158150 ,3      ,0
 158150 ,4      ,0
 158150 ,5      ,0
 158450 ,5      ,1
 158500 ,4      ,1
 158550 ,3      ,1
 158600 ,2      ,1
 158600 ,5      ,0
 158650 ,1      ,1
 158650 ,4      ,0
 158700 ,3      ,0
 158750 ,2      ,0
 158850 ,1      ,0
 158900 ,1      ,1
 158900 ,2      ,1
 158900 ,3      ,1
 158900 ,4      ,1
 158900 ,5      ,1
 159200 ,1      ,0
 159200 ,2      ,0
 159200 ,3      ,0
 159200 ,4      ,0
 159200 ,5      ,0
 159300 ,3      ,1
 159300 ,6      ,1
 159450 ,2      ,1
 159450 ,3      ,0
 159450 ,4      ,1
 159450 ,6      ,0
 159450 ,7      ,1
 159650 ,1      ,1
 159650 ,2      ,0
 159650 ,4      ,0
 159650 ,5      ,1
 159650 ,7      ,0
 159650 ,8      ,1
 159900 ,1      ,0
 159900 ,3      ,1
 159900 ,5      ,0
 159900 ,7      ,1
 159900 ,8      ,0
 160250 ,1      ,1
 160250 ,3      ,0
 160250 ,5      ,1
 160250 ,6      ,1
 160250 ,7      ,0
 160450 ,6      ,0
 160500 ,1      ,0
 160500 ,3      ,1
 160500 ,5      ,0
 160500 ,6      ,1
 160850 ,2      ,1
 160850 ,3      ,0
 160850 ,4      ,1
 160850 ,6      ,0
 160850 ,7      ,1
 161000 ,1      ,1
 161000 ,2      ,0
 161000 ,4      ,0
 161000 ,5      ,1
 161000 ,7      ,0
 161000 ,8      ,1
 161400 ,1      ,0
 161400 ,3      ,1
 161400 ,5      ,0
 161400 ,7      ,1
 161400 ,8      ,0
 161650 ,2      ,1
 161650 ,4      ,1
 161650 ,6      ,1
 162000 ,8      ,1
 162200 ,1      ,1
 162200 ,2      ,0
 162200 ,3      ,0
 162200 ,4      ,0
 162200 ,6      ,0
 162200 ,7      ,0
 162200 ,8      ,0
 162250 ,2      ,1
 162300 ,3      ,1
 162350 ,4      ,1
 162400 ,1      ,0
 162400 ,5      ,1
 162450 ,2      ,0
 162500 ,3      ,0
 162550 ,4      ,0
 162600 ,1      ,1
 162600 ,2      ,1
 162600 ,3      ,1
 162600 ,4      ,1
 162900 ,1      ,0
 162900 ,2      ,0
 162900 ,3      ,0
 162900 ,4      ,0
 162900 ,5      ,0
 163200 ,5      ,1
 163250 ,4      ,1
 163300 ,3      ,1
 163350 ,2      ,1
 163400 ,1      ,1
 163400 ,5      ,0
 163450 ,4      ,0
 163500 ,3      ,0
 163550 ,2      ,0
 163600 ,1      ,0
 163850 ,1      ,1
 164000 ,3      ,1
 164400 ,5      ,1
 164400 ,6      ,1
 164950 ,1      ,0
 164950 ,3      ,0
 164950 ,4      ,1
 164950 ,6      ,0
 164950 ,7      ,1
 165150 ,2      ,1
 165150 ,3      ,1
 165150 ,6      ,1
 165150 ,7      ,0
 165450 ,1      ,1
 165450 ,6      ,0
 165450 ,7      ,1
 166450 ,1      ,0
 166450 ,7      ,0
 166450 ,8      ,1
 166550 ,2      ,0
 166550 ,3      ,0
 166550 ,7      ,1
 166550 ,8      ,0
 166700 ,4      ,0
 166700 ,7      ,0
 166700 ,8      ,1
 167050 ,1      ,1
 167050 ,7      ,1
 167050 ,8      ,0
 167350 ,1      ,0
 167350 ,2      ,1
 167350 ,3      ,1
 167350 ,4      ,1
 167350 ,5      ,0
 167350 ,6      ,1
 167350 ,7      ,0
 167600 ,1      ,1
 167600 ,2      ,0
 167600 ,3      ,0
 167600 ,4      ,0
 167600 ,5      ,1
 167600 ,6      ,0
 167600 ,7      ,1
 167600 ,8      ,1
 167850 ,1      ,0
 167850 ,2      ,1
 167850 ,3      ,1
 167850 ,4      ,1
 167850 ,5      ,0
 167850 ,6      ,1
 167850 ,7      ,0
 167850 ,8      ,0
 168550 ,2      ,0
 168550 ,3      ,0
 168550 ,4      ,0
 168750 ,6      ,0
 168750 ,8      ,1
 169050 ,7      ,1
 169050 ,8      ,0
 169350 ,1      ,1
 169400 ,2      ,1
 169450 ,3      ,1
 169500 ,4      ,1
 169550 ,5      ,1
 169600 ,7      ,0
 169600 ,8      ,1
 169900 ,1      ,0
 169900 ,2      ,0
 169900 ,3      ,0
 169900 ,4      ,0
 169900 ,5      ,0
 169900 ,6      ,1
 169900 ,8      ,0
 169950 ,1      ,1
 169950 ,2      ,1
 169950 ,3      ,1
 169950 ,4      ,1
 169950 ,5      ,1
 170100 ,1      ,0
 170100 ,2      ,0
 170100 ,3      ,0
 170100 ,4      ,0
 170100 ,5      ,0
 170150 ,6      ,0
 170150 ,7      ,1
 170250 ,1      ,1
 170250 ,2      ,1
 170250 ,3      ,1
 170250 ,4      ,1
 170250 ,5      ,1
 170400 ,1      ,0
 170400 ,2      ,0
 170400 ,3      ,0
 170400 ,4      ,0
 170400 ,5      ,0
 170450 ,1      ,1
 170450 ,2      ,1
 170450 ,3      ,1
 170450 ,4      ,1
 170450 ,5      ,1
 170700 ,1      ,0
 170700 ,2      ,0
 170700 ,3      ,0
 170700 ,4      ,0
 170700 ,5      ,0
 170750 ,1      ,1
 170750 ,2      ,1
 170750 ,3      ,1
 170750 ,4      ,1
 170750 ,5      ,1
 170900 ,6      ,1
 170900 ,7      ,0
 171050 ,6      ,0
 171050 ,7      ,1
 171250 ,5      ,0
 171300 ,4      ,0
 171350 ,3      ,0
 171350 ,7      ,0
 171350 ,8      ,1
 171400 ,2      ,0
 171450 ,1      ,0
 171450 ,5      ,1
 171750 ,4      ,1
 171750 ,7      ,1
 171750 ,8      ,0
 172050 ,3      ,1
 172050 ,6      ,1
 172050 ,7      ,0
 172200 ,2      ,1
 172200 ,6      ,0
 172200 ,8      ,1
 172500 ,1      ,1
 172500 ,6      ,1
 172500 ,7      ,1
 173150 ,1      ,0
 173150 ,2      ,0
 173150 ,3      ,0
 173150 ,4      ,0
 173150 ,5      ,0
 173150 ,6      ,0
 173150 ,7      ,0
 173150 ,8      ,0
 173250 ,6      ,1
 173400 ,6      ,0
 173400 ,8      ,1
 173700 ,7      ,1
 173700 ,8      ,0
 173950 ,6      ,1
 173950 ,7      ,0
 174300 ,6      ,0
 174300 ,7      ,1
 174700 ,6      ,1
 174700 ,7      ,0
 174850 ,6      ,0
 174850 ,7      ,1
 175250 ,6      ,1
 175250 ,7      ,0
 175500 ,6      ,0
 175500 ,7      ,1
 175950 ,6      ,1
 175950 ,7      ,0
 176200 ,1      ,1
 176200 ,5      ,1
 176200 ,6      ,0
 176400 ,1      ,0
 176400 ,2      ,1
 176400 ,4      ,1
 176400 ,5      ,0
 176800 ,2      ,0
 176800 ,3      ,1
 176800 ,4      ,0
 177100 ,2      ,1
 177100 ,3      ,0
 177100 ,4      ,1
 177350 ,1      ,1
 177350 ,2      ,0
 177350 ,4      ,0
 177350 ,5      ,1
 177700 ,1      ,0
 177700 ,2      ,1
 177700 ,4      ,1
 177700 ,5      ,0
 178000 ,2      ,0
 178000 ,3      ,1
 178000 ,4      ,0
 178300 ,1      ,1
 178300 ,2      ,1
 178300 ,4      ,1
 178300 ,5      ,1
 178600 ,3      ,0
 178600 ,4      ,0
 178600 ,5      ,0
 178600 ,6      ,1
 178850 ,1      ,0
 178850 ,2      ,0
 178850 ,3      ,1
 178850 ,4      ,1
 178850 ,5      ,1
 178850 ,6      ,0
 178850 ,7      ,1
 179200 ,1      ,1
 179200 ,2      ,1
 179200 ,3      ,0
 179200 ,4      ,0
 179200 ,5      ,0
 179200 ,7      ,0
 179200 ,8      ,1
 179350 ,1      ,0
 179350 ,2      ,0
 179350 ,3      ,1
 179350 ,4      ,1
 179350 ,5      ,1
 179350 ,7      ,1
 179350 ,8      ,0
 179750 ,1      ,1
 179750 ,2      ,1
 179750 ,3      ,0
 179750 ,4      ,0
 179750 ,5      ,0
 179750 ,6      ,1
 179750 ,7      ,0
 180100 ,1      ,0
 180100 ,2      ,0
 180100 ,3      ,1
 180100 ,4      ,1
 180100 ,5      ,1
 180100 ,6      ,0
 180100 ,7      ,1
 180400 ,1      ,1
 180400 ,3      ,0
 180400 ,4      ,0
 180400 ,6      ,1
 180400 ,7      ,0
 180650 ,1      ,0
 180650 ,2      ,1
 180650 ,3      ,1
 180650 ,4      ,1
 180650 ,5      ,0
 180650 ,6      ,0
 180650 ,7      ,1
 180850 ,1      ,1
 180850 ,5      ,1
 180850 ,7      ,0
 180850 ,8      ,1
 181250 ,2      ,0
 181250 ,3      ,0
 181250 ,4      ,0
 181250 ,5      ,0
 181250 ,8      ,0
 181350 ,2      ,1
 181400 ,3      ,1
 181450 ,4      ,1
 181500 ,5      ,1
 181600 ,5      ,0
 181700 ,4      ,0
 181800 ,3      ,0
 181850 ,2      ,0
 181950 ,1      ,0
 182250 ,1      ,1
 182300 ,2      ,1
 182400 ,3      ,1
 182450 ,4      ,1
 182550 ,5      ,1
 182700 ,5      ,0
 182800 ,4      ,0
 182900 ,3      ,0
 182950 ,2      ,0
 183000 ,1      ,0
 183050 ,3      ,1
 183050 ,4      ,1
 183050 ,5      ,1
 183200 ,1      ,1
 183200 ,2      ,1
 183350 ,2      ,0
 183350 ,4      ,0
 183350 ,6      ,1
 183650 ,1      ,0
 183650 ,2      ,1
 183650 ,3      ,0
 183650 ,4      ,1
 183650 ,5      ,0
 183950 ,1      ,1
 183950 ,2      ,0
 183950 ,3      ,1
 183950 ,4      ,0
 183950 ,5      ,1
 183950 ,6      ,0
 183950 ,7      ,1
 183950 ,8      ,1
 184250 ,1      ,0
 184250 ,2      ,1
 184250 ,3      ,0
 184250 ,4      ,1
 184250 ,5      ,0
 184500 ,1      ,1
 184500 ,2      ,0
 184500 ,3      ,1
 184500 ,4      ,0
 184500 ,5      ,1
 184500 ,6      ,1
 184500 ,7      ,0
 184500 ,8      ,0
 184850 ,1      ,0
 184850 ,2      ,1
 184850 ,3      ,0
 184850 ,4      ,1
 184850 ,5      ,0
 184850 ,8      ,1
 185100 ,1      ,1
 185100 ,2      ,0
 185100 ,3      ,1
 185100 ,4      ,0
 185100 ,5      ,1
 185100 ,6      ,0
 185100 ,7      ,1
 185100 ,8      ,0
 185450 ,1      ,0
 185450 ,2      ,1
 185450 ,3      ,0
 185450 ,4      ,1
 185450 ,5      ,0
 185750 ,1      ,1
 185750 ,2      ,0
 185750 ,3      ,1
 185750 ,4      ,0
 185750 ,5      ,1
 185750 ,6      ,1
 185750 ,7      ,0
 185750 ,8      ,1
 186050 ,1      ,0
 186050 ,2      ,1
 186050 ,3      ,0
 186050 ,4      ,1
 186050 ,5      ,0
 186050 ,8      ,0
 186250 ,1      ,1
 186250 ,2      ,0
 186250 ,3      ,1
 186250 ,4      ,0
 186250 ,5      ,1
 186250 ,8      ,1
 186600 ,1      ,0
 186600 ,2      ,1
 186600 ,3      ,0
 186600 ,4      ,1
 186600 ,5      ,0
 186600 ,8      ,0
 186850 ,1      ,1
 186850 ,2      ,0
 186850 ,3      ,1
 186850 ,4      ,0
 186850 ,5      ,1
 186900 ,6      ,0
 186900 ,7      ,1
 187250 ,1      ,0
 187250 ,2      ,1
 187250 ,3      ,0
 187250 ,4      ,1
 187250 ,5      ,0
 187250 ,8      ,1
 187500 ,1      ,1
 187500 ,2      ,0
 187500 ,3      ,1
 187500 ,4      ,0
 187500 ,5      ,1
 187500 ,8      ,0
 187800 ,1      ,0
 187800 ,2      ,1
 187800 ,3      ,0
 187800 ,4      ,1
 187800 ,5      ,0
 187800 ,8      ,1
 188100 ,1      ,1
 188100 ,2      ,0
 188100 ,3      ,1
 188100 ,4      ,0
 188100 ,5      ,1
 188100 ,6      ,1
 188100 ,7      ,0
 188400 ,1      ,0
 188400 ,2      ,1
 188400 ,3      ,0
 188400 ,4      ,1
 188400 ,5      ,0
 188400 ,8      ,0
 188700 ,1      ,1
 188700 ,2      ,0
 188700 ,3      ,1
 188700 ,4      ,0
 188700 ,5      ,1
 188700 ,6      ,0
 188700 ,7      ,1
 188700 ,8      ,1
 189000 ,1      ,0
 189000 ,2      ,1
 189000 ,3      ,0
 189000 ,4      ,1
 189000 ,5      ,0
 189000 ,8      ,0
 189250 ,1      ,1
 189250 ,2      ,0
 189250 ,3      ,1
 189250 ,4      ,0
 189250 ,5      ,1
 189250 ,6      ,1
 189250 ,7      ,0
 189600 ,1      ,0
 189600 ,2      ,1
 189600 ,3      ,0
 189600 ,4      ,1
 189600 ,5      ,0
 189600 ,8      ,1
 189850 ,1      ,1
 189850 ,2      ,0
 189850 ,3      ,1
 189850 ,4      ,0
 189850 ,5      ,1
 189850 ,7      ,1
 189850 ,8      ,0
 190200 ,1      ,0
 190200 ,2      ,1
 190200 ,3      ,0
 190200 ,4      ,1
 190200 ,5      ,0
 190200 ,7      ,0
 190450 ,1      ,1
 190450 ,2      ,0
 190450 ,3      ,1
 190450 ,4      ,0
 190450 ,5      ,1
 190650 ,3      ,0
 190650 ,5      ,0
 190650 ,6      ,0
 190650 ,8      ,1
 190750 ,2      ,1
 190800 ,3      ,1
 190850 ,4      ,1
 190900 ,5      ,1
 191050 ,5      ,0
 191050 ,7      ,1
 191050 ,8      ,0
 191250 ,4      ,0
 191400 ,3      ,0
 191500 ,2      ,0
 191650 ,2      ,1
 191650 ,6      ,1
 191650 ,7      ,0
 191650 ,8      ,1
 192150 ,1      ,0
 192150 ,2      ,0
 192150 ,3      ,1
 192150 ,4      ,1
 192150 ,5      ,1
 192150 ,6      ,0
 192150 ,7      ,1
 192150 ,8      ,0
 192500 ,1      ,1
 192500 ,4      ,0
 192700 ,1      ,0
 192700 ,2      ,1
 192700 ,3      ,0
 192700 ,4      ,1
 192700 ,5      ,0
 192800 ,6      ,1
 192800 ,7      ,0
 192850 ,1      ,1
 192850 ,2      ,0
 192850 ,3      ,1
 192850 ,4      ,0
 192850 ,5      ,1
 193050 ,1      ,0
 193050 ,2      ,1
 193050 ,3      ,0
 193050 ,4      ,1
 193050 ,5      ,0
 193400 ,1      ,1
 193400 ,2      ,0
 193400 ,3      ,1
 193400 ,4      ,0
 193400 ,5      ,1
 193400 ,6      ,0
 193400 ,7      ,1
 193650 ,1      ,0
 193650 ,2      ,1
 193650 ,3      ,0
 193650 ,4      ,1
 193650 ,5      ,0
 193900 ,1      ,1
 193900 ,2      ,0
 193900 ,3      ,1
 193900 ,4      ,0
 193900 ,5      ,1
 194000 ,6      ,1
 194000 ,7      ,0
 194000 ,8      ,1
 194250 ,1      ,0
 194250 ,2      ,1
 194250 ,3      ,0
 194250 ,4      ,1
 194250 ,5      ,0
 194600 ,1      ,1
 194600 ,2      ,0
 194600 ,3      ,1
 194600 ,4      ,0
 194600 ,5      ,1
 194600 ,6      ,0
 194600 ,7      ,1
 194600 ,8      ,0
 194850 ,1      ,0
 194850 ,2      ,1
 194850 ,3      ,0
 194850 ,4      ,1
 194850 ,5      ,0
 195150 ,1      ,1
 195150 ,2      ,0
 195150 ,3      ,1
 195150 ,4      ,0
 195150 ,5      ,1
 195150 ,6      ,1
 195150 ,7      ,0
 195150 ,8      ,1
 195400 ,1      ,0
 195400 ,2      ,1
 195400 ,3      ,0
 195400 ,4      ,1
 195400 ,5      ,0
 195600 ,1      ,1
 195600 ,2      ,0
 195600 ,3      ,1
 195600 ,4      ,0
 195600 ,5      ,1
 195700 ,6      ,0
 195700 ,7      ,1
 195700 ,8      ,0
 196000 ,1      ,0
 196000 ,2      ,1
 196000 ,3      ,0
 196000 ,4      ,1
 196000 ,5      ,0
 196250 ,1      ,1
 196250 ,2      ,0
 196250 ,3      ,1
 196250 ,4      ,0
 196250 ,5      ,1
 196300 ,6      ,1
 196300 ,7      ,0
 196650 ,1      ,0
 196650 ,2      ,1
 196650 ,3      ,0
 196650 ,4      ,1
 196650 ,5      ,0
 196900 ,1      ,1
 196900 ,2      ,0
 196900 ,3      ,1
 196900 ,4      ,0
 196900 ,5      ,1
 196900 ,6      ,0
 196900 ,7      ,1
 196900 ,8      ,1
 197200 ,1      ,0
 197200 ,2      ,1
 197200 ,3      ,0
 197200 ,4      ,1
 197200 ,5      ,0
 197450 ,6      ,1
 197450 ,7      ,0
 197450 ,8      ,0
 197750 ,1      ,1
 197750 ,2      ,0
 197750 ,3      ,1
 197750 ,4      ,0
 197750 ,5      ,1
 198050 ,1      ,0
 198050 ,2      ,1
 198050 ,3      ,0
 198050 ,4      ,1
 198050 ,5      ,0
 198050 ,6      ,0
 198050 ,7      ,1
 198350 ,1      ,1
 198350 ,2      ,0
 198350 ,3      ,1
 198350 ,4      ,0
 198350 ,5      ,1
 198350 ,8      ,1
 198650 ,1      ,0
 198650 ,2      ,1
 198650 ,3      ,0
 198650 ,4      ,1
 198650 ,5      ,0
 198650 ,6      ,1
 198650 ,7      ,0
 198950 ,1      ,1
 198950 ,2      ,0
 198950 ,3      ,1
 198950 ,4      ,0
 198950 ,5      ,1
 199200 ,6      ,0
 199200 ,7      ,1
 199200 ,8      ,0
 199250 ,1      ,0
 199250 ,2      ,1
 199250 ,3      ,0
 199250 ,4      ,1
 199250 ,5      ,0
 199500 ,1      ,1
 199500 ,2      ,0
 199500 ,3      ,1
 199500 ,4      ,0
 199500 ,5      ,1
 199500 ,8      ,1
 199800 ,1      ,0
 199800 ,2      ,1
 199800 ,3      ,0
 199800 ,4      ,1
 199800 ,5      ,0
 199900 ,6      ,1
 199900 ,7      ,0
 199900 ,8      ,0
 199950 ,2      ,0
 199950 ,4      ,0
 200050 ,1      ,1
 200050 ,6      ,0
 200050 ,7      ,1
 200050 ,8      ,1
 200100 ,2      ,1
 200200 ,3      ,1
 200250 ,4      ,1
 200300 ,5      ,1
 200400 ,5      ,0
 200400 ,6      ,1
 200400 ,7      ,0
 200400 ,8      ,0
 200500 ,4      ,0
 200600 ,3      ,0
 200650 ,2      ,0
 200700 ,1      ,0
 201000 ,5      ,1
 201000 ,6      ,0
 201000 ,7      ,1
 201050 ,4      ,1
 201150 ,3      ,1
 201250 ,2      ,1
 201300 ,1      ,1
 201600 ,1      ,0
 201600 ,2      ,0
 201600 ,3      ,0
 201600 ,4      ,0
 201600 ,5      ,0
 201600 ,7      ,0
 201600 ,8      ,1
 201850 ,4      ,1
 202000 ,2      ,1
 202150 ,1      ,1
 202150 ,2      ,0
 202150 ,3      ,1
 202150 ,4      ,0
 202150 ,5      ,1
 202150 ,6      ,1
 202150 ,8      ,0
 202450 ,1      ,0
 202450 ,2      ,1
 202450 ,3      ,0
 202450 ,4      ,1
 202450 ,5      ,0
 202750 ,1      ,1
 202750 ,2      ,0
 202750 ,3      ,1
 202750 ,4      ,0
 202750 ,5      ,1
 202750 ,6      ,0
 202750 ,8      ,1
 203000 ,1      ,0
 203000 ,2      ,1
 203000 ,3      ,0
 203000 ,4      ,1
 203000 ,5      ,0
 203250 ,1      ,1
 203250 ,2      ,0
 203250 ,3      ,1
 203250 ,4      ,0
 203250 ,5      ,1
 203300 ,6      ,1
 203300 ,7      ,1
 203300 ,8      ,0
 203600 ,1      ,0
 203600 ,2      ,1
 203600 ,3      ,0
 203600 ,4      ,1
 203600 ,5      ,0
 203600 ,8      ,1
 203900 ,1      ,1
 203900 ,2      ,0
 203900 ,3      ,1
 203900 ,4      ,0
 203900 ,5      ,1
 203900 ,7      ,0
 203900 ,8      ,0
 204200 ,1      ,0
 204200 ,2      ,1
 204200 ,3      ,0
 204200 ,4      ,1
 204200 ,5      ,0
 204200 ,8      ,1
 204450 ,1      ,1
 204450 ,2      ,0
 204450 ,3      ,1
 204450 ,4      ,0
 204450 ,5      ,1
 204450 ,6      ,0
 204450 ,7      ,1
 204450 ,8      ,0
 204750 ,1      ,0
 204750 ,2      ,1
 204750 ,3      ,0
 204750 ,4      ,1
 204750 ,5      ,0
 205000 ,1      ,1
 205000 ,2      ,0
 205000 ,3      ,1
 205000 ,4      ,0
 205000 ,5      ,1
 205100 ,6      ,1
 205100 ,7      ,0
 205100 ,8      ,1
 205350 ,1      ,0
 205350 ,2      ,1
 205350 ,3      ,0
 205350 ,4      ,1
 205350 ,5      ,0
 205550 ,1      ,1
 205550 ,2      ,0
 205550 ,4      ,0
 205550 ,5      ,1
 205700 ,6      ,0
 205700 ,7      ,1
 205700 ,8      ,0
 205950 ,1      ,0
 205950 ,2      ,1
 205950 ,3      ,1
 205950 ,4      ,1
 205950 ,5      ,0
 206250 ,1      ,1
 206250 ,2      ,0
 206250 ,3      ,0
 206250 ,4      ,0
 206250 ,5      ,1
 206550 ,1      ,0
 206550 ,2      ,1
 206550 ,3      ,1
 206550 ,4      ,1
 206550 ,5      ,0
 206900 ,1      ,1
 206900 ,2      ,0
 206900 ,3      ,0
 206900 ,4      ,0
 206900 ,5      ,1
 206900 ,6      ,1
 206900 ,7      ,0
 206900 ,8      ,1
 207150 ,1      ,0
 207150 ,2      ,1
 207150 ,3      ,1
 207150 ,4      ,1
 207150 ,5      ,0
 207400 ,1      ,1
 207400 ,2      ,0
 207400 ,4      ,0
 207500 ,8      ,0
 207700 ,1      ,0
 207700 ,2      ,1
 207700 ,3      ,0
 207700 ,4      ,1
 208000 ,2      ,0
 208000 ,3      ,1
 208000 ,4      ,0
 208000 ,5      ,1
 208100 ,6      ,0
 208100 ,7      ,1
 208350 ,1      ,1
 208350 ,3      ,0
 208350 ,4      ,1
 208350 ,5      ,0
 208650 ,1      ,0
 208650 ,2      ,1
 208650 ,3      ,1
 208650 ,4      ,0
 208650 ,5      ,1
 208650 ,7      ,0
 208650 ,8      ,1
 208950 ,1      ,1
 208950 ,2      ,0
 208950 ,3      ,0
 208950 ,4      ,1
 208950 ,5      ,0
 209150 ,1      ,0
 209150 ,2      ,1
 209150 ,3      ,1
 209150 ,4      ,0
 209150 ,5      ,1
 209250 ,6      ,1
 209250 ,7      ,1
 209250 ,8      ,0
 209450 ,1      ,1
 209450 ,2      ,0
 209450 ,6      ,0
 209450 ,7      ,0
 209450 ,8      ,1
 209800 ,1      ,0
 209800 ,2      ,1
 209800 ,3      ,0
 209800 ,4      ,1
 209800 ,5      ,0
 209800 ,7      ,1
 209800 ,8      ,0
 210400 ,2      ,0
 210400 ,4      ,0
 210400 ,5      ,1
 210400 ,6      ,1
 210400 ,7      ,0
 210550 ,4      ,1
 210700 ,3      ,1
 210850 ,2      ,1
 211000 ,1      ,1
 211000 ,7      ,1
 211000 ,8      ,1
 211550 ,1      ,0
 211550 ,2      ,0
 211550 ,3      ,0
 211550 ,4      ,0
 211550 ,5      ,0
 211550 ,6      ,0
 211550 ,7      ,0
 211550 ,8      ,0
 219250 ,1      ,0
 219250 ,2      ,0
 219250 ,3      ,0
 219250 ,4      ,0
 219250 ,5      ,0
 219250 ,6      ,0
 219250 ,7      ,0
 219250 ,8      ,0
 219280 ,END     ,1
