TIME(MS),COMMAND,VALUE
 000700 ,2      ,1
 000950 ,2      ,0
 001050 ,2      ,1
 001400 ,1      ,1
 001400 ,2      ,0
 001750 ,5      ,1
 002100 ,3      ,1
 002100 ,4      ,1
 002100 ,5      ,0
 002450 ,2      ,1
 002450 ,3      ,0
 002450 ,4      ,0
 002700 ,1      ,0
 002700 ,2      ,0
 002800 ,2      ,1
 003050 ,2      ,0
 003150 ,2      ,1
 003500 ,1      ,1
 003500 ,2      ,0
 003850 ,5      ,1
 004200 ,3      ,1
 004200 ,4      ,1
 004200 ,5      ,0
 004550 ,2      ,1
 004550 ,3      ,0
 004550 ,4      ,0
 004800 ,1      ,0
 004800 ,2      ,0
 004900 ,5      ,1
 005250 ,3      ,1
 005250 ,5      ,0
 005600 ,1      ,1
 005600 ,3      ,0
 006300 ,1      ,0
 006300 ,2      ,1
 007350 ,2      ,0
 007350 ,4      ,1
 007700 ,4      ,0
 007800 ,4      ,1
 008250 ,3      ,1
 008250 ,4      ,0
 008350 ,2      ,1
 008350 ,3      ,0
 008450 ,1      ,1
 008450 ,2      ,0
 009150 ,1      ,0
 009150 ,5      ,1
 009500 ,4      ,1
 009500 ,5      ,0
 009850 ,2      ,1
 010550 ,2      ,0
 010550 ,3      ,1
 010550 ,4      ,0
 010550 ,5      ,1
 011150 ,3      ,0
 011150 ,5      ,0
 011250 ,3      ,1
 011250 ,5      ,1
 011600 ,2      ,1
 011600 ,3      ,0
 011600 ,4      ,1
 011600 ,5      ,0
 011950 ,1      ,1
 011950 ,2      ,0
 011950 ,3      ,1
 011950 ,4      ,0
 011950 ,5      ,1
 012300 ,5      ,0
 012700 ,3      ,0
 013350 ,1      ,0
 013350 ,3      ,1
 013700 ,2      ,1
 013700 ,3      ,0
 014050 ,1      ,1
 014050 ,2      ,0
 014400 ,1      ,0
 014400 ,2      ,1
 014750 ,2      ,0
 014750 ,3      ,1
 015350 ,3      ,0
 015350 ,5      ,1
 015400 ,4      ,1
 015400 ,5      ,0
 015450 ,3      ,1
 015450 ,4      ,0
 015500 ,2      ,1
 015500 ,3      ,0
 015550 ,2      ,0
 016050 ,4      ,1
 016100 ,3      ,1
 016100 ,4      ,0
 016150 ,2      ,1
 016150 ,3      ,0
 016200 ,1      ,1
 016200 ,2      ,0
 016550 ,5      ,1
 016900 ,3      ,1
 016900 ,5      ,0
 017300 ,3      ,0
 017600 ,1      ,0
 017600 ,3      ,1
 017900 ,3      ,0
 017950 ,3      ,1
 018350 ,2      ,1
 018350 ,6      ,1
 019650 ,2      ,0
 019650 ,3      ,0
 019750 ,2      ,1
 019750 ,3      ,1
 020100 ,6      ,0
 020100 ,7      ,1
 020450 ,2      ,0
 020450 ,4      ,1
 020450 ,7      ,0
 020450 ,8      ,1
 021850 ,7      ,1
 021850 ,8      ,0
 022200 ,6      ,1
 022200 ,7      ,0
 022550 ,4      ,0
 022550 ,5      ,1
 022550 ,6      ,0
 022550 ,7      ,1
 023250 ,2      ,1
 023250 ,3      ,0
 023250 ,4      ,1
 023250 ,5      ,0
 023250 ,6      ,1
 024000 ,1      ,1
 024000 ,2      ,0
 024000 ,3      ,1
 024000 ,4      ,0
 024000 ,8      ,1
 024700 ,1      ,0
 024700 ,2      ,1
 024700 ,4      ,1
 024700 ,6      ,0
 025400 ,2      ,0
 025400 ,4      ,0
 025400 ,8      ,0
 025800 ,3      ,0
 026100 ,3      ,1
 026100 ,7      ,0
 026400 ,3      ,0
 026450 ,3      ,1
 026850 ,2      ,1
 026850 ,6      ,1
 028150 ,2      ,0
 028150 ,3      ,0
 028250 ,2      ,1
 028250 ,3      ,1
 028600 ,6      ,0
 028600 ,7      ,1
 028950 ,2      ,0
 028950 ,4      ,1
 028950 ,7      ,0
 028950 ,8      ,1
 030350 ,7      ,1
 030350 ,8      ,0
 030700 ,6      ,1
 030700 ,7      ,0
 031050 ,2      ,1
 031050 ,3      ,0
 031050 ,6      ,0
 031050 ,7      ,1
 031400 ,1      ,1
 031400 ,2      ,0
 031400 ,3      ,1
 031400 ,4      ,0
 031600 ,1      ,0
 031600 ,2      ,1
 031600 ,3      ,0
 031600 ,4      ,1
 031750 ,6      ,1
 031800 ,2      ,0
 031800 ,3      ,1
 031800 ,4      ,0
 031800 ,5      ,1
 032500 ,8      ,1
 032700 ,3      ,0
 033650 ,4      ,1
 033650 ,6      ,0
 033700 ,3      ,1
 033700 ,7      ,0
 033750 ,2      ,1
 033800 ,1      ,1
 033800 ,8      ,0
 035600 ,1      ,0
 035600 ,2      ,0
 035600 ,3      ,0
 035600 ,4      ,0
 035600 ,5      ,0
 039000 ,6      ,1
 039100 ,6      ,0
 039100 ,7      ,1
 039250 ,6      ,1
 039250 ,7      ,0
 039400 ,6      ,0
 039400 ,8      ,1
 039550 ,6      ,1
 039550 ,8      ,0
 039650 ,6      ,0
 039650 ,7      ,1
 039800 ,7      ,0
 039800 ,8      ,1
 039950 ,7      ,1
 039950 ,8      ,0
 040100 ,6      ,1
 040100 ,7      ,0
 040250 ,6      ,0
 040250 ,7      ,1
 040350 ,6      ,1
 040350 ,7      ,0
 040450 ,6      ,0
 040450 ,8      ,1
 040600 ,7      ,1
 040600 ,8      ,0
 040750 ,6      ,1
 040750 ,7      ,0
 040900 ,6      ,0
 040900 ,7      ,1
 041050 ,7      ,0
 041050 ,8      ,1
 041200 ,7      ,1
 041200 ,8      ,0
 041300 ,6      ,1
 041300 ,7      ,0
 041450 ,6      ,0
 041450 ,7      ,1
 041600 ,6      ,1
 041600 ,7      ,0
 041750 ,6      ,0
 041750 ,7      ,1
 041900 ,6      ,1
 041900 ,7      ,0
 042050 ,6      ,0
 042050 ,8      ,1
 042200 ,7      ,1
 042200 ,8      ,0
 042350 ,1      ,1
 042350 ,2      ,1
 042350 ,3      ,1
 042350 ,4      ,1
 042350 ,5      ,1
 042350 ,6      ,1
 042350 ,7      ,0
 042400 ,1      ,0
 042400 ,2      ,0
 042400 ,3      ,0
 042400 ,4      ,0
 042400 ,5      ,0
 042450 ,1      ,1
 042450 ,2      ,1
 042450 ,3      ,1
 042450 ,4      ,1
 042450 ,5      ,1
 042550 ,1      ,0
 042550 ,2      ,0
 042550 ,3      ,0
 042550 ,4      ,0
 042550 ,5      ,0
 042600 ,1      ,1
 042600 ,2      ,1
 042600 ,3      ,1
 042600 ,4      ,1
 042600 ,5      ,1
 042700 ,1      ,0
 042700 ,2      ,0
 042700 ,3      ,0
 042700 ,4      ,0
 042700 ,5      ,0
 042750 ,1      ,1
 042750 ,2      ,1
 042750 ,3      ,1
 042750 ,4      ,1
 042750 ,5      ,1
 042750 ,6      ,0
 042750 ,7      ,1
 042850 ,1      ,0
 042850 ,2      ,0
 042850 ,3      ,0
 042850 ,4      ,0
 042850 ,5      ,0
 042900 ,1      ,1
 042900 ,2      ,1
 042900 ,3      ,1
 042900 ,4      ,1
 042900 ,5      ,1
 043000 ,1      ,0
 043000 ,2      ,0
 043000 ,3      ,0
 043000 ,4      ,0
 043000 ,5      ,0
 043050 ,1      ,1
 043050 ,2      ,1
 043050 ,3      ,1
 043050 ,4      ,1
 043050 ,5      ,1
 043150 ,1      ,0
 043150 ,2      ,0
 043150 ,3      ,0
 043150 ,4      ,0
 043150 ,5      ,0
 043200 ,1      ,1
 043200 ,2      ,1
 043200 ,3      ,1
 043200 ,4      ,1
 043200 ,5      ,1
 043200 ,7      ,0
 043200 ,8      ,1
 043250 ,1      ,0
 043250 ,2      ,0
 043250 ,3      ,0
 043250 ,4      ,0
 043250 ,5      ,0
 043300 ,1      ,1
 043300 ,2      ,1
 043300 ,3      ,1
 043300 ,4      ,1
 043300 ,5      ,1
 043400 ,1      ,0
 043400 ,2      ,0
 043400 ,3      ,0
 043400 ,4      ,0
 043400 ,5      ,0
 043450 ,1      ,1
 043450 ,2      ,1
 043450 ,3      ,1
 043450 ,4      ,1
 043450 ,5      ,1
 043550 ,1      ,0
 043550 ,2      ,0
 043550 ,3      ,0
 043550 ,4      ,0
 043550 ,5      ,0
 043600 ,1      ,1
 043600 ,2      ,1
 043600 ,3      ,1
 043600 ,4      ,1
 043600 ,5      ,1
 043600 ,7      ,1
 043600 ,8      ,0
 043700 ,1      ,0
 043700 ,2      ,0
 043700 ,3      ,0
 043700 ,4      ,0
 043700 ,5      ,0
 043750 ,1      ,1
 043750 ,2      ,1
 043750 ,3      ,1
 043750 ,4      ,1
 043750 ,5      ,1
 043800 ,1      ,0
 043800 ,2      ,0
 043800 ,3      ,0
 043800 ,4      ,0
 043800 ,5      ,0
 043850 ,1      ,1
 043850 ,2      ,1
 043850 ,3      ,1
 043850 ,4      ,1
 043850 ,5      ,1
 043950 ,1      ,0
 043950 ,2      ,0
 043950 ,3      ,0
 043950 ,4      ,0
 043950 ,5      ,0
 044000 ,5      ,1
 044000 ,7      ,0
 044000 ,8      ,1
 044050 ,4      ,1
 044100 ,3      ,1
 044150 ,2      ,1
 044200 ,1      ,1
 044250 ,1      ,0
 044250 ,2      ,0
 044250 ,3      ,0
 044250 ,4      ,0
 044250 ,5      ,0
 044250 ,8      ,0
 044300 ,1      ,1
 044300 ,2      ,1
 044300 ,3      ,1
 044300 ,4      ,1
 044300 ,5      ,1
 044300 ,7      ,1
 044300 ,8      ,1
 044400 ,1      ,0
 044400 ,2      ,0
 044400 ,3      ,0
 044400 ,4      ,0
 044400 ,5      ,0
 044400 ,7      ,0
 044400 ,8      ,0
 044450 ,1      ,1
 044450 ,2      ,1
 044450 ,3      ,1
 044450 ,4      ,1
 044450 ,5      ,1
 044450 ,6      ,1
 044450 ,7      ,1
 044600 ,1      ,0
 044600 ,2      ,0
 044600 ,3      ,0
 044600 ,4      ,0
 044600 ,5      ,0
 044600 ,6      ,0
 044600 ,7      ,0
 044700 ,1      ,1
 044700 ,2      ,1
 044700 ,3      ,1
 044700 ,4      ,1
 044700 ,5      ,1
 044700 ,7      ,1
 044700 ,8      ,1
 044800 ,1      ,0
 044800 ,2      ,0
 044800 ,3      ,0
 044800 ,4      ,0
 044800 ,5      ,0
 044800 ,7      ,0
 044800 ,8      ,0
 044900 ,1      ,1
 044900 ,2      ,1
 044900 ,3      ,1
 044900 ,4      ,1
 044900 ,5      ,1
 044900 ,6      ,1
 044900 ,7      ,1
 045000 ,1      ,0
 045000 ,2      ,0
 045000 ,3      ,0
 045000 ,4      ,0
 045000 ,5      ,0
 045000 ,6      ,0
 045000 ,7      ,0
 045100 ,1      ,1
 045100 ,2      ,1
 045100 ,3      ,1
 045100 ,4      ,1
 045100 ,5      ,1
 045100 ,6      ,1
 045100 ,7      ,1
 045150 ,1      ,0
 045150 ,2      ,0
 045150 ,3      ,0
 045150 ,4      ,0
 045150 ,5      ,0
 045150 ,6      ,0
 045150 ,7      ,0
 045250 ,1      ,1
 045250 ,2      ,1
 045250 ,3      ,1
 045250 ,4      ,1
 045250 ,5      ,1
 045250 ,6      ,1
 045250 ,7      ,1
 045250 ,8      ,1
 045450 ,1      ,0
 045450 ,2      ,0
 045450 ,3      ,0
 045450 ,4      ,0
 045450 ,5      ,0
 045450 ,6      ,0
 045450 ,7      ,0
 045450 ,8      ,0
 045550 ,1      ,1
 045550 ,2      ,1
 045550 ,3      ,1
 045550 ,4      ,1
 045550 ,5      ,1
 045550 ,6      ,1
 045550 ,7      ,1
 045550 ,8      ,1
 045600 ,1      ,0
 045600 ,2      ,0
 045600 ,3      ,0
 045600 ,4      ,0
 045600 ,5      ,0
 045600 ,6      ,0
 045600 ,7      ,0
 045600 ,8      ,0
 045700 ,1      ,1
 045700 ,2      ,1
 045700 ,3      ,1
 045700 ,4      ,1
 045700 ,5      ,1
 045700 ,6      ,1
 045700 ,7      ,1
 045700 ,8      ,1
 045800 ,1      ,0
 045800 ,2      ,0
 045800 ,3      ,0
 045800 ,4      ,0
 045800 ,7      ,0
 045800 ,8      ,0
 046000 ,4      ,1
 046000 ,5      ,0
 046100 ,6      ,0
 046100 ,7      ,1
 046150 ,3      ,1
 046150 ,4      ,0
 046350 ,3      ,0
 046450 ,3      ,1
 046500 ,1      ,1
 046500 ,6      ,1
 046500 ,7      ,0
 046950 ,1      ,0
 046950 ,3      ,0
 046950 ,7      ,1
 047150 ,4      ,1
 047350 ,3      ,1
 047350 ,4      ,0
 047350 ,5      ,1
 047350 ,6      ,0
 047350 ,7      ,0
 047350 ,8      ,1
 047500 ,5      ,0
 047600 ,2      ,1
 047600 ,3      ,0
 047700 ,2      ,0
 047800 ,2      ,1
 047800 ,7      ,1
 047800 ,8      ,0
 048100 ,2      ,0
 048200 ,2      ,1
 048200 ,6      ,1
 048200 ,7      ,0
 048650 ,2      ,0
 048650 ,6      ,0
 048650 ,7      ,1
 048650 ,8      ,1
 049050 ,1      ,1
 049050 ,6      ,1
 049050 ,7      ,0
 049050 ,8      ,0
 049200 ,1      ,0
 049300 ,1      ,1
 049450 ,1      ,0
 049500 ,1      ,1
 049500 ,6      ,0
 049500 ,7      ,1
 049800 ,1      ,0
 049900 ,1      ,1
 049900 ,7      ,0
 049900 ,8      ,1
 050200 ,1      ,0
 050300 ,1      ,1
 050300 ,7      ,1
 050300 ,8      ,0
 050700 ,1      ,0
 050700 ,2      ,1
 050700 ,7      ,0
 050700 ,8      ,1
 050900 ,2      ,0
 050900 ,3      ,1
 051200 ,3      ,0
 051200 ,4      ,1
 051200 ,6      ,1
 051200 ,8      ,0
 051450 ,4      ,0
 051450 ,5      ,1
 051450 ,7      ,1
 051600 ,5      ,0
 051600 ,6      ,0
 051700 ,5      ,1
 051700 ,6      ,1
 051700 ,7      ,0
 051800 ,4      ,1
 051800 ,5      ,0
 051800 ,6      ,0
 051800 ,7      ,1
 051950 ,3      ,1
 051950 ,4      ,0
 051950 ,7      ,0
 051950 ,8      ,1
 052050 ,2      ,1
 052050 ,3      ,0
 052050 ,7      ,1
 052050 ,8      ,0
 052200 ,1      ,1
 052200 ,2      ,0
 052200 ,7      ,0
 052200 ,8      ,1
 052350 ,1      ,0
 052350 ,3      ,1
 052350 ,6      ,1
 052350 ,8      ,0
 052400 ,1      ,1
 052400 ,2      ,1
 052400 ,4      ,1
 052400 ,5      ,1
 052450 ,7      ,1
 052450 ,8      ,1
 052550 ,1      ,0
 052550 ,2      ,0
 052550 ,3      ,0
 052550 ,4      ,0
 052550 ,5      ,0
 052550 ,6      ,0
 052550 ,7      ,0
 052550 ,8      ,0
 052800 ,5      ,1
 052800 ,6      ,1
 052800 ,7      ,1
 052800 ,8      ,1
 052850 ,4      ,1
 052900 ,3      ,1
 052900 ,5      ,0
 052950 ,2      ,1
 052950 ,4      ,0
 053000 ,1      ,1
 053350 ,1      ,0
 053350 ,2      ,0
 053350 ,3      ,0
 053450 ,1      ,1
 053450 ,2      ,1
 053450 ,3      ,1
 053650 ,1      ,0
 053650 ,2      ,0
 053650 ,4      ,1
 053650 ,5      ,1
 053850 ,3      ,0
 053850 ,4      ,0
 053850 ,5      ,0
 053950 ,3      ,1
 053950 ,4      ,1
 053950 ,5      ,1
 054100 ,1      ,1
 054100 ,4      ,0
 054300 ,1      ,0
 054300 ,2      ,1
 054300 ,3      ,0
 054300 ,4      ,1
 054300 ,5      ,0
 054500 ,1      ,1
 054500 ,2      ,0
 054500 ,3      ,1
 054500 ,4      ,0
 054500 ,5      ,1
 054500 ,6      ,0
 054500 ,8      ,0
 054750 ,1      ,0
 054750 ,2      ,1
 054750 ,3      ,0
 054750 ,4      ,1
 054750 ,5      ,0
 054750 ,6      ,1
 054750 ,7      ,0
 054750 ,8      ,1
 055150 ,6      ,0
 055150 ,8      ,0
 055300 ,1      ,1
 055300 ,3      ,1
 055300 ,5      ,1
 055400 ,1      ,0
 055400 ,2      ,0
 055400 ,3      ,0
 055400 ,4      ,0
 055400 ,5      ,0
 055400 ,6      ,1
 055400 ,7      ,1
 055400 ,8      ,1
 055550 ,1      ,1
 055550 ,2      ,1
 055550 ,3      ,1
 055550 ,4      ,1
 055550 ,5      ,1
 055550 ,6      ,0
 055550 ,7      ,0
 055550 ,8      ,0
 055650 ,1      ,0
 055650 ,2      ,0
 055650 ,3      ,0
 055650 ,4      ,0
 055650 ,5      ,0
 055700 ,1      ,1
 055700 ,2      ,1
 055700 ,3      ,1
 055700 ,4      ,1
 055700 ,5      ,1
 055700 ,6      ,1
 055700 ,7      ,1
 055700 ,8      ,1
 055800 ,1      ,0
 055800 ,2      ,0
 055800 ,3      ,0
 055800 ,4      ,0
 055800 ,5      ,0
 055800 ,6      ,0
 055800 ,7      ,0
 055800 ,8      ,0
 056150 ,5      ,1
 056150 ,6      ,1
 056150 ,7      ,1
 056150 ,8      ,1
 056200 ,4      ,1
 056250 ,3      ,1
 056250 ,5      ,0
 056300 ,2      ,1
 056300 ,4      ,0
 056350 ,1      ,1
 056700 ,1      ,0
 056700 ,2      ,0
 056700 ,3      ,0
 056800 ,1      ,1
 056800 ,2      ,1
 056800 ,3      ,1
 057000 ,1      ,0
 057000 ,2      ,0
 057000 ,4      ,1
 057000 ,5      ,1
 057200 ,3      ,0
 057200 ,4      ,0
 057200 ,5      ,0
 057300 ,3      ,1
 057300 ,4      ,1
 057300 ,5      ,1
 057450 ,1      ,1
 057450 ,4      ,0
 057650 ,1      ,0
 057650 ,2      ,1
 057650 ,3      ,0
 057650 ,4      ,1
 057650 ,5      ,0
 057850 ,1      ,1
 057850 ,2      ,0
 057850 ,3      ,1
 057850 ,4      ,0
 057850 ,5      ,1
 057850 ,6      ,0
 057850 ,8      ,0
 058100 ,1      ,0
 058100 ,2      ,1
 058100 ,3      ,0
 058100 ,4      ,1
 058100 ,5      ,0
 058100 ,6      ,1
 058100 ,7      ,0
 058100 ,8      ,1
 058500 ,6      ,0
 058500 ,8      ,0
 058650 ,1      ,1
 058650 ,3      ,1
 058650 ,5      ,1
 058750 ,1      ,0
 058750 ,2      ,0
 058750 ,3      ,0
 058750 ,4      ,0
 058750 ,5      ,0
 058750 ,6      ,1
 058750 ,7      ,1
 058750 ,8      ,1
 058900 ,1      ,1
 058900 ,2      ,1
 058900 ,3      ,1
 058900 ,4      ,1
 058900 ,5      ,1
 058900 ,6      ,0
 058900 ,7      ,0
 058900 ,8      ,0
 059000 ,1      ,0
 059000 ,2      ,0
 059000 ,3      ,0
 059000 ,4      ,0
 059000 ,5      ,0
 059050 ,2      ,1
 059050 ,4      ,1
 059050 ,6      ,1
 059500 ,1      ,1
 059500 ,2      ,0
 059500 ,3      ,1
 059500 ,4      ,0
 059500 ,6      ,0
 059500 ,7      ,1
 059950 ,1      ,0
 059950 ,2      ,1
 059950 ,3      ,0
 059950 ,4      ,1
 059950 ,7      ,0
 059950 ,8      ,1
 060350 ,2      ,0
 060350 ,3      ,1
 060350 ,4      ,0
 060350 ,5      ,1
 060350 ,7      ,1
 060350 ,8      ,0
 060800 ,2      ,1
 060800 ,3      ,0
 060800 ,4      ,1
 060800 ,5      ,0
 060800 ,6      ,1
 060800 ,7      ,0
 060800 ,8      ,1
 061200 ,1      ,1
 061200 ,2      ,0
 061200 ,3      ,1
 061200 ,4      ,0
 061200 ,6      ,0
 061200 ,7      ,1
 061200 ,8      ,0
 061650 ,1      ,0
 061650 ,3      ,0
 061650 ,7      ,0
 061650 ,8      ,1
 062000 ,1      ,1
 062000 ,3      ,1
 062000 ,5      ,1
 062000 ,6      ,1
 062000 ,7      ,1
 062000 ,8      ,0
 062300 ,1      ,0
 062300 ,2      ,1
 062300 ,3      ,0
 062300 ,4      ,1
 062300 ,5      ,0
 062450 ,6      ,0
 062450 ,8      ,1
 062850 ,2      ,0
 062850 ,4      ,0
 062850 ,5      ,1
 062850 ,6      ,1
 062850 ,7      ,0
 062850 ,8      ,0
 062900 ,4      ,1
 062950 ,3      ,1
 063000 ,2      ,1
 063050 ,1      ,1
 063100 ,1      ,0
 063100 ,2      ,0
 063100 ,3      ,0
 063100 ,4      ,0
 063100 ,5      ,0
 063300 ,1      ,1
 063300 ,3      ,1
 063300 ,5      ,1
 063450 ,1      ,0
 063450 ,2      ,1
 063450 ,3      ,0
 063450 ,4      ,1
 063450 ,5      ,0
 063600 ,1      ,1
 063600 ,2      ,0
 063600 ,3      ,1
 063600 ,4      ,0
 063600 ,5      ,1
 063700 ,1      ,0
 063700 ,2      ,1
 063700 ,3      ,0
 063700 ,4      ,1
 063700 ,5      ,0
 063700 ,6      ,0
 063700 ,8      ,1
 063950 ,1      ,1
 063950 ,2      ,0
 063950 ,3      ,1
 063950 ,4      ,0
 063950 ,5      ,1
 064100 ,1      ,0
 064100 ,2      ,1
 064100 ,3      ,0
 064100 ,4      ,1
 064100 ,5      ,0
 064250 ,1      ,1
 064250 ,2      ,0
 064250 ,3      ,1
 064250 ,4      ,0
 064250 ,5      ,1
 064250 ,7      ,1
 064250 ,8      ,0
 064400 ,2      ,1
 064400 ,4      ,1
 064400 ,7      ,0
 064550 ,1      ,0
 064550 ,2      ,0
 064550 ,3      ,0
 064550 ,4      ,0
 064550 ,5      ,0
 064550 ,6      ,1
 064550 ,7      ,1
 064550 ,8      ,1
 064800 ,1      ,1
 064800 ,2      ,1
 064800 ,3      ,1
 064800 ,4      ,1
 064800 ,5      ,1
 064800 ,6      ,0
 064800 ,7      ,0
 064800 ,8      ,0
 065000 ,1      ,0
 065000 ,2      ,0
 065000 ,3      ,0
 065000 ,4      ,0
 065000 ,5      ,0
 065000 ,6      ,1
 065000 ,7      ,1
 065000 ,8      ,1
 065150 ,6      ,0
 065150 ,7      ,0
 065150 ,8      ,0
 065250 ,6      ,1
 065250 ,7      ,1
 065250 ,8      ,1
 065400 ,1      ,1
 065400 ,2      ,1
 065400 ,3      ,1
 065400 ,4      ,1
 065400 ,5      ,1
 065400 ,6      ,0
 065400 ,7      ,0
 065400 ,8      ,0
 065550 ,1      ,0
 065550 ,2      ,0
 065550 ,3      ,0
 065550 ,4      ,0
 065550 ,5      ,0
 065650 ,1      ,1
 065650 ,2      ,1
 065650 ,3      ,1
 065650 ,4      ,1
 065650 ,5      ,1
 065650 ,6      ,1
 065650 ,7      ,1
 065650 ,8      ,1
 065800 ,1      ,0
 065800 ,2      ,0
 065800 ,3      ,0
 065800 ,4      ,0
 065800 ,7      ,0
 065800 ,8      ,0
 066100 ,4      ,1
 066100 ,5      ,0
 066200 ,6      ,0
 066200 ,7      ,1
 066250 ,3      ,1
 066250 ,4      ,0
 066450 ,3      ,0
 066550 ,3      ,1
 066600 ,1      ,1
 066600 ,6      ,1
 066600 ,7      ,0
 067050 ,1      ,0
 067050 ,3      ,0
 067050 ,7      ,1
 067250 ,4      ,1
 067450 ,3      ,1
 067450 ,4      ,0
 067450 ,5      ,1
 067450 ,6      ,0
 067450 ,7      ,0
 067450 ,8      ,1
 067600 ,5      ,0
 067700 ,2      ,1
 067700 ,3      ,0
 067800 ,2      ,0
 067900 ,2      ,1
 067900 ,7      ,1
 067900 ,8      ,0
 068200 ,2      ,0
 068300 ,2      ,1
 068300 ,6      ,1
 068300 ,7      ,0
 068750 ,2      ,0
 068750 ,6      ,0
 068750 ,7      ,1
 068750 ,8      ,1
 069150 ,1      ,1
 069150 ,6      ,1
 069150 ,7      ,0
 069150 ,8      ,0
 069300 ,1      ,0
 069400 ,1      ,1
 069550 ,1      ,0
 069600 ,1      ,1
 069600 ,6      ,0
 069600 ,7      ,1
 069900 ,1      ,0
 070000 ,1      ,1
 070000 ,7      ,0
 070000 ,8      ,1
 070300 ,1      ,0
 070400 ,1      ,1
 070400 ,7      ,1
 070400 ,8      ,0
 070800 ,1      ,0
 070800 ,2      ,1
 070800 ,7      ,0
 070800 ,8      ,1
 071000 ,2      ,0
 071000 ,3      ,1
 071300 ,3      ,0
 071300 ,4      ,1
 071300 ,6      ,1
 071300 ,8      ,0
 071550 ,4      ,0
 071550 ,5      ,1
 071550 ,7      ,1
 071700 ,5      ,0
 071700 ,6      ,0
 071800 ,5      ,1
 071800 ,6      ,1
 071800 ,7      ,0
 071900 ,4      ,1
 071900 ,5      ,0
 071900 ,6      ,0
 071900 ,7      ,1
 072050 ,3      ,1
 072050 ,4      ,0
 072050 ,7      ,0
 072050 ,8      ,1
 072150 ,2      ,1
 072150 ,3      ,0
 072150 ,7      ,1
 072150 ,8      ,0
 072300 ,1      ,1
 072300 ,2      ,0
 072300 ,7      ,0
 072300 ,8      ,1
 072450 ,1      ,0
 072450 ,3      ,1
 072450 ,6      ,1
 072450 ,8      ,0
 072500 ,1      ,1
 072500 ,2      ,1
 072500 ,4      ,1
 072500 ,5      ,1
 072550 ,7      ,1
 072550 ,8      ,1
 072650 ,1      ,0
 072650 ,2      ,0
 072650 ,3      ,0
 072650 ,4      ,0
 072650 ,5      ,0
 072650 ,6      ,0
 072650 ,7      ,0
 072650 ,8      ,0
 072900 ,5      ,1
 072900 ,6      ,1
 072900 ,7      ,1
 072900 ,8      ,1
 072950 ,4      ,1
 073000 ,3      ,1
 073000 ,5      ,0
 073050 ,2      ,1
 073050 ,4      ,0
 073100 ,1      ,1
 073450 ,1      ,0
 073450 ,2      ,0
 073450 ,3      ,0
 073550 ,1      ,1
 073550 ,2      ,1
 073550 ,3      ,1
 073750 ,1      ,0
 073750 ,2      ,0
 073750 ,4      ,1
 073750 ,5      ,1
 073950 ,3      ,0
 073950 ,4      ,0
 073950 ,5      ,0
 074050 ,3      ,1
 074050 ,4      ,1
 074050 ,5      ,1
 074200 ,1      ,1
 074200 ,4      ,0
 074400 ,1      ,0
 074400 ,2      ,1
 074400 ,3      ,0
 074400 ,4      ,1
 074400 ,5      ,0
 074600 ,1      ,1
 074600 ,2      ,0
 074600 ,3      ,1
 074600 ,4      ,0
 074600 ,5      ,1
 074600 ,6      ,0
 074600 ,8      ,0
 074850 ,1      ,0
 074850 ,2      ,1
 074850 ,3      ,0
 074850 ,4      ,1
 074850 ,5      ,0
 074850 ,6      ,1
 074850 ,7      ,0
 074850 ,8      ,1
 075250 ,6      ,0
 075250 ,8      ,0
 075400 ,1      ,1
 075400 ,3      ,1
 075400 ,5      ,1
 075500 ,1      ,0
 075500 ,2      ,0
 075500 ,3      ,0
 075500 ,4      ,0
 075500 ,5      ,0
 075500 ,6      ,1
 075500 ,7      ,1
 075500 ,8      ,1
 075650 ,1      ,1
 075650 ,2      ,1
 075650 ,3      ,1
 075650 ,4      ,1
 075650 ,5      ,1
 075650 ,6      ,0
 075650 ,7      ,0
 075650 ,8      ,0
 075750 ,1      ,0
 075750 ,2      ,0
 075750 ,3      ,0
 075750 ,4      ,0
 075750 ,5      ,0
 075800 ,1      ,1
 075800 ,2      ,1
 075800 ,3      ,1
 075800 ,4      ,1
 075800 ,5      ,1
 075800 ,6      ,1
 075800 ,7      ,1
 075800 ,8      ,1
 075900 ,1      ,0
 075900 ,2      ,0
 075900 ,3      ,0
 075900 ,4      ,0
 075900 ,5      ,0
 075900 ,6      ,0
 075900 ,7      ,0
 075900 ,8      ,0
 076250 ,5      ,1
 076250 ,6      ,1
 076250 ,7      ,1
 076250 ,8      ,1
 076300 ,4      ,1
 076350 ,3      ,1
 076350 ,5      ,0
 076400 ,2      ,1
 076400 ,4      ,0
 076450 ,1      ,1
 076800 ,1      ,0
 076800 ,2      ,0
 076800 ,3      ,0
 076900 ,1      ,1
 076900 ,2      ,1
 076900 ,3      ,1
 077100 ,1      ,0
 077100 ,2      ,0
 077100 ,4      ,1
 077100 ,5      ,1
 077300 ,3      ,0
 077300 ,4      ,0
 077300 ,5      ,0
 077400 ,3      ,1
 077400 ,4      ,1
 077400 ,5      ,1
 077550 ,1      ,1
 077550 ,4      ,0
 077750 ,1      ,0
 077750 ,2      ,1
 077750 ,3      ,0
 077750 ,4      ,1
 077750 ,5      ,0
 077950 ,1      ,1
 077950 ,2      ,0
 077950 ,3      ,1
 077950 ,4      ,0
 077950 ,5      ,1
 077950 ,6      ,0
 077950 ,8      ,0
 078200 ,1      ,0
 078200 ,2      ,1
 078200 ,3      ,0
 078200 ,4      ,1
 078200 ,5      ,0
 078200 ,6      ,1
 078200 ,7      ,0
 078200 ,8      ,1
 078600 ,6      ,0
 078600 ,8      ,0
 078750 ,1      ,1
 078750 ,3      ,1
 078750 ,5      ,1
 078850 ,1      ,0
 078850 ,2      ,0
 078850 ,3      ,0
 078850 ,4      ,0
 078850 ,5      ,0
 078850 ,6      ,1
 078850 ,7      ,1
 078850 ,8      ,1
 079000 ,1      ,1
 079000 ,2      ,1
 079000 ,3      ,1
 079000 ,4      ,1
 079000 ,5      ,1
 079000 ,6      ,0
 079000 ,7      ,0
 079000 ,8      ,0
 079100 ,1      ,0
 079100 ,2      ,0
 079100 ,3      ,0
 079100 ,4      ,0
 079100 ,5      ,0
 079150 ,2      ,1
 079150 ,4      ,1
 079150 ,6      ,1
 079600 ,1      ,1
 079600 ,2      ,0
 079600 ,3      ,1
 079600 ,4      ,0
 079600 ,6      ,0
 079600 ,7      ,1
 080050 ,1      ,0
 080050 ,2      ,1
 080050 ,3      ,0
 080050 ,4      ,1
 080050 ,7      ,0
 080050 ,8      ,1
 080450 ,2      ,0
 080450 ,3      ,1
 080450 ,4      ,0
 080450 ,5      ,1
 080450 ,7      ,1
 080450 ,8      ,0
 080900 ,2      ,1
 080900 ,3      ,0
 080900 ,4      ,1
 080900 ,5      ,0
 080900 ,6      ,1
 080900 ,7      ,0
 080900 ,8      ,1
 081300 ,1      ,1
 081300 ,2      ,0
 081300 ,3      ,1
 081300 ,4      ,0
 081300 ,6      ,0
 081300 ,7      ,1
 081300 ,8      ,0
 081750 ,1      ,0
 081750 ,3      ,0
 081750 ,7      ,0
 081750 ,8      ,1
 082100 ,1      ,1
 082100 ,3      ,1
 082100 ,5      ,1
 082100 ,6      ,1
 082100 ,7      ,1
 082100 ,8      ,0
 082400 ,1      ,0
 082400 ,2      ,1
 082400 ,3      ,0
 082400 ,4      ,1
 082400 ,5      ,0
 082550 ,6      ,0
 082550 ,8      ,1
 082950 ,2      ,0
 082950 ,4      ,0
 082950 ,5      ,1
 082950 ,6      ,1
 082950 ,7      ,0
 082950 ,8      ,0
 083000 ,4      ,1
 083050 ,3      ,1
 083100 ,2      ,1
 083150 ,1      ,1
 083200 ,1      ,0
 083200 ,2      ,0
 083200 ,3      ,0
 083200 ,4      ,0
 083200 ,5      ,0
 083400 ,1      ,1
 083400 ,3      ,1
 083400 ,5      ,1
 083550 ,1      ,0
 083550 ,2      ,1
 083550 ,3      ,0
 083550 ,4      ,1
 083550 ,5      ,0
 083700 ,1      ,1
 083700 ,2      ,0
 083700 ,3      ,1
 083700 ,4      ,0
 083700 ,5      ,1
 083800 ,1      ,0
 083800 ,2      ,1
 083800 ,3      ,0
 083800 ,4      ,1
 083800 ,5      ,0
 083800 ,6      ,0
 083800 ,8      ,1
 084050 ,1      ,1
 084050 ,2      ,0
 084050 ,3      ,1
 084050 ,4      ,0
 084050 ,5      ,1
 084200 ,1      ,0
 084200 ,2      ,1
 084200 ,3      ,0
 084200 ,4      ,1
 084200 ,5      ,0
 084350 ,1      ,1
 084350 ,2      ,0
 084350 ,3      ,1
 084350 ,4      ,0
 084350 ,5      ,1
 084350 ,7      ,1
 084350 ,8      ,0
 084500 ,2      ,1
 084500 ,4      ,1
 084500 ,7      ,0
 084650 ,1      ,0
 084650 ,2      ,0
 084650 ,3      ,0
 084650 ,4      ,0
 084650 ,5      ,0
 084650 ,6      ,1
 084650 ,7      ,1
 084650 ,8      ,1
 084900 ,1      ,1
 084900 ,2      ,1
 084900 ,3      ,1
 084900 ,4      ,1
 084900 ,5      ,1
 084900 ,6      ,0
 084900 ,7      ,0
 084900 ,8      ,0
 085100 ,1      ,0
 085100 ,2      ,0
 085100 ,3      ,0
 085100 ,4      ,0
 085100 ,5      ,0
 085100 ,6      ,1
 085100 ,7      ,1
 085100 ,8      ,1
 085250 ,6      ,0
 085250 ,7      ,0
 085250 ,8      ,0
 085350 ,6      ,1
 085350 ,7      ,1
 085350 ,8      ,1
 085500 ,1      ,1
 085500 ,2      ,1
 085500 ,3      ,1
 085500 ,4      ,1
 085500 ,5      ,1
 085500 ,6      ,0
 085500 ,7      ,0
 085500 ,8      ,0
 085650 ,1      ,0
 085650 ,2      ,0
 085650 ,3      ,0
 085650 ,4      ,0
 085650 ,5      ,0
 085750 ,1      ,1
 085750 ,2      ,1
 085750 ,3      ,1
 085750 ,4      ,1
 085750 ,5      ,1
 085750 ,6      ,1
 085750 ,7      ,1
 085750 ,8      ,1
 085900 ,2      ,0
 085900 ,3      ,0
 085900 ,4      ,0
 085900 ,5      ,0
 085900 ,7      ,0
 085900 ,8      ,0
 086350 ,1      ,0
 086350 ,2      ,1
 086350 ,6      ,0
 086350 ,7      ,1
 086750 ,2      ,0
 086750 ,3      ,1
 086750 ,7      ,0
 086750 ,8      ,1
 087200 ,3      ,0
 087200 ,4      ,1
 087200 ,7      ,1
 087200 ,8      ,0
 087500 ,4      ,0
 087500 ,5      ,1
 087500 ,7      ,0
 087500 ,8      ,1
 087900 ,5      ,0
 088000 ,1      ,1
 088000 ,5      ,1
 088000 ,6      ,1
 088000 ,8      ,0
 088350 ,5      ,0
 088450 ,1      ,0
 088450 ,2      ,1
 088450 ,6      ,0
 088450 ,7      ,1
 088800 ,1      ,1
 088800 ,2      ,0
 088800 ,3      ,1
 088800 ,7      ,0
 088800 ,8      ,1
 089000 ,1      ,0
 089100 ,1      ,1
 089100 ,3      ,0
 089250 ,7      ,1
 089250 ,8      ,0
 089700 ,1      ,0
 089700 ,2      ,1
 089700 ,7      ,0
 089700 ,8      ,1
 090150 ,2      ,0
 090150 ,3      ,1
 090150 ,6      ,1
 090150 ,8      ,0
 090550 ,3      ,0
 090550 ,4      ,1
 090550 ,6      ,0
 090550 ,7      ,1
 091000 ,4      ,0
 091000 ,5      ,1
 091350 ,1      ,1
 091350 ,5      ,0
 091350 ,6      ,1
 091350 ,7      ,0
 091800 ,1      ,0
 091800 ,2      ,1
 091800 ,6      ,0
 091800 ,7      ,1
 092150 ,1      ,1
 092150 ,2      ,0
 092150 ,3      ,1
 092150 ,7      ,0
 092150 ,8      ,1
 092300 ,1      ,0
 092400 ,1      ,1
 092400 ,3      ,0
 092650 ,6      ,1
 092650 ,8      ,0
 093000 ,1      ,0
 093000 ,2      ,1
 093000 ,6      ,0
 093000 ,7      ,1
 093200 ,2      ,0
 093300 ,2      ,1
 093850 ,2      ,0
 093850 ,3      ,1
 093850 ,7      ,0
 093850 ,8      ,1
 094300 ,1      ,1
 094300 ,5      ,1
 094300 ,6      ,1
 094300 ,7      ,1
 094300 ,8      ,0
 094700 ,1      ,0
 094700 ,2      ,1
 094700 ,3      ,0
 094700 ,4      ,1
 094700 ,5      ,0
 094700 ,6      ,0
 094700 ,7      ,0
 094700 ,8      ,1
 095100 ,1      ,1
 095100 ,2      ,0
 095100 ,3      ,1
 095100 ,4      ,0
 095100 ,7      ,1
 095100 ,8      ,0
 095500 ,1      ,0
 095500 ,5      ,1
 095500 ,7      ,0
 095500 ,8      ,1
 095800 ,2      ,1
 095800 ,3      ,0
 095800 ,4      ,1
 095800 ,5      ,0
 096000 ,1      ,1
 096000 ,2      ,0
 096000 ,3      ,1
 096000 ,4      ,0
 096000 ,6      ,1
 096000 ,8      ,0
 096250 ,1      ,0
 096250 ,3      ,0
 096350 ,1      ,1
 096350 ,3      ,1
 096400 ,6      ,0
 096400 ,7      ,1
 096850 ,1      ,0
 096850 ,2      ,1
 096850 ,3      ,0
 096850 ,4      ,1
 096850 ,7      ,0
 096850 ,8      ,1
 097250 ,2      ,0
 097250 ,3      ,1
 097250 ,4      ,0
 097250 ,5      ,1
 097250 ,6      ,1
 097250 ,8      ,0
 097650 ,3      ,0
 097650 ,6      ,0
 097650 ,8      ,1
 097700 ,4      ,1
 097700 ,7      ,1
 097750 ,3      ,1
 097750 ,6      ,1
 097800 ,2      ,1
 097850 ,1      ,1
 098000 ,1      ,0
 098000 ,2      ,0
 098000 ,3      ,0
 098000 ,4      ,0
 098000 ,5      ,0
 098000 ,6      ,0
 098000 ,7      ,0
 098000 ,8      ,0
 098450 ,5      ,1
 098450 ,6      ,1
 098450 ,7      ,1
 098450 ,8      ,1
 098500 ,4      ,1
 098550 ,3      ,1
 098600 ,2      ,1
 098600 ,5      ,0
 098650 ,1      ,1
 098650 ,4      ,0
 098700 ,3      ,0
 098700 ,5      ,1
 098750 ,2      ,0
 098750 ,4      ,1
 098800 ,1      ,0
 098800 ,3      ,1
 098850 ,2      ,1
 098900 ,1      ,1
 099100 ,1      ,0
 099100 ,2      ,0
 099100 ,3      ,0
 099100 ,4      ,0
 099100 ,7      ,0
 099100 ,8      ,0
 099350 ,4      ,1
 099350 ,5      ,0
 099350 ,8      ,1
 099450 ,4      ,0
 099450 ,5      ,1
 099650 ,4      ,1
 099650 ,5      ,0
 099750 ,6      ,0
 099750 ,7      ,1
 099750 ,8      ,0
 099800 ,3      ,1
 099800 ,4      ,0
 100000 ,3      ,0
 100100 ,3      ,1
 100150 ,1      ,1
 100150 ,6      ,1
 100150 ,7      ,0
 100600 ,1      ,0
 100600 ,3      ,0
 100600 ,7      ,1
 100800 ,4      ,1
 101000 ,3      ,1
 101000 ,4      ,0
 101000 ,5      ,1
 101000 ,6      ,0
 101000 ,7      ,0
 101000 ,8      ,1
 101150 ,5      ,0
 101250 ,2      ,1
 101250 ,3      ,0
 101350 ,2      ,0
 101450 ,2      ,1
 101450 ,7      ,1
 101450 ,8      ,0
 101750 ,2      ,0
 101850 ,2      ,1
 101850 ,6      ,1
 101850 ,7      ,0
 102300 ,2      ,0
 102300 ,6      ,0
 102300 ,7      ,1
 102300 ,8      ,1
 102700 ,1      ,1
 102700 ,6      ,1
 102700 ,7      ,0
 102700 ,8      ,0
 102850 ,1      ,0
 102950 ,1      ,1
 103050 ,1      ,0
 103150 ,1      ,1
 103150 ,6      ,0
 103150 ,7      ,1
 103450 ,1      ,0
 103550 ,1      ,1
 103550 ,7      ,0
 103550 ,8      ,1
 103850 ,1      ,0
 103950 ,1      ,1
 103950 ,7      ,1
 103950 ,8      ,0
 104350 ,1      ,0
 104350 ,2      ,1
 104350 ,7      ,0
 104350 ,8      ,1
 104550 ,2      ,0
 104550 ,3      ,1
 104850 ,3      ,0
 104850 ,4      ,1
 104850 ,6      ,1
 104850 ,8      ,0
 105100 ,4      ,0
 105100 ,5      ,1
 105100 ,7      ,1
 105250 ,5      ,0
 105250 ,6      ,0
 105350 ,5      ,1
 105350 ,6      ,1
 105350 ,7      ,0
 105450 ,4      ,1
 105450 ,5      ,0
 105450 ,6      ,0
 105450 ,7      ,1
 105600 ,3      ,1
 105600 ,4      ,0
 105600 ,7      ,0
 105600 ,8      ,1
 105700 ,2      ,1
 105700 ,3      ,0
 105700 ,7      ,1
 105700 ,8      ,0
 105850 ,1      ,1
 105850 ,2      ,0
 105850 ,7      ,0
 105850 ,8      ,1
 106000 ,1      ,0
 106000 ,3      ,1
 106000 ,6      ,1
 106000 ,8      ,0
 106050 ,1      ,1
 106050 ,2      ,1
 106050 ,4      ,1
 106050 ,5      ,1
 106100 ,7      ,1
 106100 ,8      ,1
 106200 ,1      ,0
 106200 ,2      ,0
 106200 ,3      ,0
 106200 ,4      ,0
 106200 ,5      ,0
 106200 ,6      ,0
 106200 ,7      ,0
 106200 ,8      ,0
 106450 ,5      ,1
 106450 ,6      ,1
 106450 ,7      ,1
 106450 ,8      ,1
 106500 ,4      ,1
 106550 ,3      ,1
 106550 ,5      ,0
 106600 ,2      ,1
 106600 ,4      ,0
 106650 ,1      ,1
 107000 ,1      ,0
 107000 ,2      ,0
 107000 ,3      ,0
 107100 ,1      ,1
 107100 ,2      ,1
 107100 ,3      ,1
 107300 ,1      ,0
 107300 ,2      ,0
 107300 ,4      ,1
 107300 ,5      ,1
 107500 ,3      ,0
 107500 ,4      ,0
 107500 ,5      ,0
 107600 ,3      ,1
 107600 ,4      ,1
 107600 ,5      ,1
 107750 ,1      ,1
 107750 ,4      ,0
 107950 ,1      ,0
 107950 ,2      ,1
 107950 ,3      ,0
 107950 ,4      ,1
 107950 ,5      ,0
 108150 ,1      ,1
 108150 ,2      ,0
 108150 ,3      ,1
 108150 ,4      ,0
 108150 ,5      ,1
 108150 ,6      ,0
 108150 ,8      ,0
 108400 ,1      ,0
 108400 ,2      ,1
 108400 ,3      ,0
 108400 ,4      ,1
 108400 ,5      ,0
 108400 ,6      ,1
 108400 ,7      ,0
 108400 ,8      ,1
 108800 ,6      ,0
 108800 ,8      ,0
 108950 ,1      ,1
 108950 ,3      ,1
 108950 ,5      ,1
 109050 ,1      ,0
 109050 ,2      ,0
 109050 ,3      ,0
 109050 ,4      ,0
 109050 ,5      ,0
 109050 ,6      ,1
 109050 ,7      ,1
 109050 ,8      ,1
 109200 ,1      ,1
 109200 ,2      ,1
 109200 ,3      ,1
 109200 ,4      ,1
 109200 ,5      ,1
 109200 ,6      ,0
 109200 ,7      ,0
 109200 ,8      ,0
 109300 ,1      ,0
 109300 ,2      ,0
 109300 ,3      ,0
 109300 ,4      ,0
 109300 ,5      ,0
 109350 ,1      ,1
 109350 ,2      ,1
 109350 ,3      ,1
 109350 ,4      ,1
 109350 ,5      ,1
 109350 ,6      ,1
 109350 ,7      ,1
 109350 ,8      ,1
 109450 ,1      ,0
 109450 ,2      ,0
 109450 ,3      ,0
 109450 ,4      ,0
 109450 ,5      ,0
 109450 ,6      ,0
 109450 ,7      ,0
 109450 ,8      ,0
 109800 ,5      ,1
 109800 ,6      ,1
 109800 ,7      ,1
 109800 ,8      ,1
 109850 ,4      ,1
 109900 ,3      ,1
 109900 ,5      ,0
 109950 ,2      ,1
 109950 ,4      ,0
 110000 ,1      ,1
 110350 ,1      ,0
 110350 ,2      ,0
 110350 ,3      ,0
 110450 ,1      ,1
 110450 ,2      ,1
 110450 ,3      ,1
 110650 ,1      ,0
 110650 ,2      ,0
 110650 ,4      ,1
 110650 ,5      ,1
 110850 ,3      ,0
 110850 ,4      ,0
 110850 ,5      ,0
 110950 ,3      ,1
 110950 ,4      ,1
 110950 ,5      ,1
 111100 ,1      ,1
 111100 ,4      ,0
 111300 ,1      ,0
 111300 ,2      ,1
 111300 ,3      ,0
 111300 ,4      ,1
 111300 ,5      ,0
 111500 ,1      ,1
 111500 ,2      ,0
 111500 ,3      ,1
 111500 ,4      ,0
 111500 ,5      ,1
 111500 ,6      ,0
 111500 ,8      ,0
 111750 ,1      ,0
 111750 ,2      ,1
 111750 ,3      ,0
 111750 ,4      ,1
 111750 ,5      ,0
 111750 ,6      ,1
 111750 ,7      ,0
 111750 ,8      ,1
 112150 ,6      ,0
 112150 ,8      ,0
 112300 ,1      ,1
 112300 ,3      ,1
 112300 ,5      ,1
 112400 ,1      ,0
 112400 ,2      ,0
 112400 ,3      ,0
 112400 ,4      ,0
 112400 ,5      ,0
 112400 ,6      ,1
 112400 ,7      ,1
 112400 ,8      ,1
 112550 ,1      ,1
 112550 ,2      ,1
 112550 ,3      ,1
 112550 ,4      ,1
 112550 ,5      ,1
 112550 ,6      ,0
 112550 ,7      ,0
 112550 ,8      ,0
 112650 ,1      ,0
 112650 ,2      ,0
 112650 ,3      ,0
 112650 ,4      ,0
 112650 ,5      ,0
 112700 ,2      ,1
 112700 ,4      ,1
 112700 ,6      ,1
 113150 ,1      ,1
 113150 ,2      ,0
 113150 ,3      ,1
 113150 ,4      ,0
 113150 ,6      ,0
 113150 ,7      ,1
 113600 ,1      ,0
 113600 ,2      ,1
 113600 ,3      ,0
 113600 ,4      ,1
 113600 ,7      ,0
 113600 ,8      ,1
 114000 ,2      ,0
 114000 ,3      ,1
 114000 ,4      ,0
 114000 ,5      ,1
 114000 ,7      ,1
 114000 ,8      ,0
 114450 ,2      ,1
 114450 ,3      ,0
 114450 ,4      ,1
 114450 ,5      ,0
 114450 ,6      ,1
 114450 ,7      ,0
 114450 ,8      ,1
 114850 ,1      ,1
 114850 ,2      ,0
 114850 ,3      ,1
 114850 ,4      ,0
 114850 ,6      ,0
 114850 ,7      ,1
 114850 ,8      ,0
 115300 ,1      ,0
 115300 ,3      ,0
 115300 ,7      ,0
 115300 ,8      ,1
 115650 ,1      ,1
 115650 ,3      ,1
 115650 ,5      ,1
 115650 ,6      ,1
 115650 ,7      ,1
 115650 ,8      ,0
 115950 ,1      ,0
 115950 ,2      ,1
 115950 ,3      ,0
 115950 ,4      ,1
 115950 ,5      ,0
 116100 ,6      ,0
 116100 ,8      ,1
 116500 ,2      ,0
 116500 ,4      ,0
 116500 ,5      ,1
 116500 ,6      ,1
 116500 ,7      ,0
 116500 ,8      ,0
 116550 ,4      ,1
 116600 ,3      ,1
 116650 ,2      ,1
 116700 ,1      ,1
 116750 ,1      ,0
 116750 ,2      ,0
 116750 ,3      ,0
 116750 ,4      ,0
 116750 ,5      ,0
 116950 ,1      ,1
 116950 ,3      ,1
 116950 ,5      ,1
 117100 ,1      ,0
 117100 ,2      ,1
 117100 ,3      ,0
 117100 ,4      ,1
 117100 ,5      ,0
 117250 ,1      ,1
 117250 ,2      ,0
 117250 ,3      ,1
 117250 ,4      ,0
 117250 ,5      ,1
 117350 ,1      ,0
 117350 ,2      ,1
 117350 ,3      ,0
 117350 ,4      ,1
 117350 ,5      ,0
 117350 ,6      ,0
 117350 ,8      ,1
 117600 ,1      ,1
 117600 ,2      ,0
 117600 ,3      ,1
 117600 ,4      ,0
 117600 ,5      ,1
 117750 ,1      ,0
 117750 ,2      ,1
 117750 ,3      ,0
 117750 ,4      ,1
 117750 ,5      ,0
 117900 ,1      ,1
 117900 ,2      ,0
 117900 ,3      ,1
 117900 ,4      ,0
 117900 ,5      ,1
 117900 ,7      ,1
 117900 ,8      ,0
 118000 ,2      ,1
 118050 ,4      ,1
 118050 ,7      ,0
 118200 ,1      ,0
 118200 ,2      ,0
 118200 ,3      ,0
 118200 ,4      ,0
 118200 ,5      ,0
 118200 ,6      ,1
 118200 ,7      ,1
 118200 ,8      ,1
 118650 ,1      ,1
 118650 ,2      ,1
 118650 ,3      ,1
 118650 ,4      ,1
 118650 ,5      ,1
 118650 ,6      ,0
 118650 ,7      ,0
 118650 ,8      ,0
 118750 ,1      ,0
 118750 ,2      ,0
 118750 ,3      ,0
 118750 ,4      ,0
 118750 ,5      ,0
 118750 ,6      ,1
 118750 ,7      ,1
 118750 ,8      ,1
 118900 ,1      ,1
 118900 ,2      ,1
 118900 ,3      ,1
 118900 ,4      ,1
 118900 ,5      ,1
 118900 ,6      ,0
 118900 ,7      ,0
 118900 ,8      ,0
 119050 ,1      ,0
 119050 ,2      ,0
 119050 ,3      ,0
 119050 ,4      ,0
 119050 ,5      ,0
 119050 ,6      ,1
 119050 ,7      ,1
 119050 ,8      ,1
 119150 ,6      ,0
 119150 ,7      ,0
 119150 ,8      ,0
 119200 ,1      ,1
 119200 ,2      ,1
 119200 ,3      ,1
 119200 ,4      ,1
 119200 ,5      ,1
 119200 ,6      ,1
 119200 ,7      ,1
 119200 ,8      ,1
 119300 ,1      ,0
 119300 ,2      ,0
 119300 ,3      ,0
 119300 ,4      ,0
 119300 ,5      ,0
 119300 ,6      ,0
 119300 ,7      ,0
 119300 ,8      ,0
 119350 ,1      ,1
 119350 ,2      ,1
 119350 ,3      ,1
 119350 ,4      ,1
 119350 ,5      ,1
 119350 ,6      ,1
 119350 ,7      ,1
 119350 ,8      ,1
 119500 ,1      ,0
 119500 ,2      ,0
 119500 ,4      ,0
 119500 ,5      ,0
 119500 ,6      ,0
 119500 ,8      ,0
 119550 ,4      ,1
 119650 ,2      ,1
 119700 ,2      ,0
 119700 ,3      ,0
 119700 ,4      ,0
 119750 ,3      ,1
 119800 ,4      ,1
 119900 ,2      ,1
 119900 ,6      ,1
 119900 ,7      ,0
 119950 ,2      ,0
 119950 ,3      ,0
 119950 ,4      ,0
 120050 ,4      ,1
 120050 ,5      ,1
 120150 ,4      ,0
 120150 ,5      ,0
 120200 ,4      ,1
 120200 ,5      ,1
 120300 ,3      ,1
 120300 ,4      ,0
 120300 ,5      ,0
 120350 ,4      ,1
 120350 ,8      ,1
 120450 ,2      ,1
 120500 ,2      ,0
 120500 ,3      ,0
 120500 ,4      ,0
 120550 ,3      ,1
 120550 ,8      ,0
 120600 ,4      ,1
 120700 ,2      ,1
 120750 ,2      ,0
 120750 ,3      ,0
 120750 ,4      ,0
 120750 ,6      ,0
 120750 ,7      ,1
 120850 ,4      ,1
 120850 ,5      ,1
 120950 ,4      ,0
 120950 ,5      ,0
 121000 ,4      ,1
 121000 ,5      ,1
 121100 ,4      ,0
 121100 ,5      ,0
 121150 ,3      ,1
 121150 ,8      ,1
 121200 ,4      ,1
 121300 ,2      ,1
 121350 ,2      ,0
 121350 ,3      ,0
 121350 ,4      ,0
 121350 ,8      ,0
 121400 ,3      ,1
 121450 ,4      ,1
 121550 ,2      ,1
 121550 ,6      ,1
 121550 ,7      ,0
 121600 ,2      ,0
 121600 ,3      ,0
 121600 ,4      ,0
 121700 ,4      ,1
 121700 ,5      ,1
 121800 ,4      ,0
 121800 ,5      ,0
 121850 ,4      ,1
 121850 ,5      ,1
 121950 ,4      ,0
 121950 ,5      ,0
 122000 ,3      ,1
 122000 ,8      ,1
 122050 ,4      ,1
 122150 ,3      ,0
 122150 ,4      ,0
 122200 ,8      ,0
 122300 ,4      ,1
 122350 ,3      ,1
 122400 ,6      ,0
 122400 ,7      ,1
 122450 ,3      ,0
 122450 ,4      ,0
 122550 ,4      ,1
 122550 ,5      ,1
 122550 ,6      ,1
 122650 ,4      ,0
 122650 ,5      ,0
 122650 ,6      ,0
 122700 ,4      ,1
 122700 ,5      ,1
 122700 ,6      ,1
 122800 ,3      ,1
 122800 ,4      ,0
 122800 ,5      ,0
 122800 ,6      ,0
 122800 ,8      ,1
 122950 ,2      ,1
 123000 ,2      ,0
 123000 ,8      ,0
 123050 ,1      ,1
 123050 ,2      ,1
 123100 ,1      ,0
 123100 ,2      ,0
 123100 ,3      ,0
 123200 ,3      ,1
 123200 ,6      ,1
 123200 ,7      ,0
 123350 ,2      ,1
 123400 ,2      ,0
 123450 ,1      ,1
 123450 ,2      ,1
 123500 ,1      ,0
 123500 ,2      ,0
 123500 ,3      ,0
 123600 ,3      ,1
 123650 ,8      ,1
 123750 ,2      ,1
 123800 ,2      ,0
 123850 ,1      ,1
 123850 ,2      ,1
 123850 ,8      ,0
 123900 ,1      ,0
 123900 ,2      ,0
 123900 ,3      ,0
 124000 ,3      ,1
 124050 ,6      ,0
 124050 ,7      ,1
 124150 ,2      ,1
 124200 ,2      ,0
 124250 ,1      ,1
 124250 ,2      ,1
 124300 ,1      ,0
 124300 ,2      ,0
 124300 ,3      ,0
 124400 ,3      ,1
 124500 ,8      ,1
 124550 ,1      ,1
 124550 ,3      ,0
 124700 ,1      ,0
 124700 ,2      ,1
 124700 ,8      ,0
 124850 ,6      ,1
 124850 ,7      ,0
 124900 ,2      ,0
 124900 ,3      ,1
 125000 ,2      ,1
 125000 ,3      ,0
 125200 ,2      ,0
 125200 ,3      ,1
 125300 ,3      ,0
 125300 ,5      ,1
 125300 ,8      ,1
 125450 ,2      ,1
 125450 ,5      ,0
 125500 ,8      ,0
 125550 ,2      ,0
 125550 ,5      ,1
 125700 ,3      ,1
 125700 ,5      ,0
 125700 ,6      ,0
 125700 ,7      ,1
 125850 ,1      ,1
 125850 ,3      ,0
 125850 ,7      ,0
 125900 ,2      ,1
 125950 ,1      ,0
 125950 ,3      ,1
 126000 ,2      ,0
 126000 ,4      ,1
 126050 ,3      ,0
 126050 ,5      ,1
 126100 ,4      ,0
 126200 ,4      ,1
 126250 ,5      ,0
 126300 ,3      ,1
 126350 ,2      ,1
 126350 ,4      ,0
 126400 ,1      ,1
 126400 ,3      ,0
 126450 ,2      ,0
 126500 ,1      ,0
 126550 ,1      ,1
 126550 ,8      ,1
 126700 ,1      ,0
 126700 ,2      ,1
 126750 ,8      ,0
 126800 ,1      ,1
 126800 ,2      ,0
 126950 ,1      ,0
 126950 ,2      ,1
 127000 ,7      ,1
 127050 ,2      ,0
 127050 ,3      ,1
 127400 ,1      ,1
 127400 ,3      ,0
 127400 ,6      ,1
 127400 ,7      ,0
 127700 ,1      ,0
 127700 ,2      ,1
 127850 ,2      ,0
 127850 ,3      ,1
 127850 ,6      ,0
 127850 ,8      ,1
 128000 ,3      ,0
 128050 ,8      ,0
 128100 ,3      ,1
 128250 ,6      ,1
 128300 ,3      ,0
 128400 ,3      ,1
 128550 ,6      ,0
 128550 ,7      ,1
 128600 ,3      ,0
 128700 ,3      ,1
 128700 ,6      ,1
 128700 ,7      ,0
 128700 ,8      ,1
 128900 ,8      ,0
 128950 ,2      ,1
 128950 ,3      ,0
 129100 ,2      ,0
 129100 ,4      ,1
 129100 ,7      ,1
 129250 ,3      ,1
 129250 ,4      ,0
 129350 ,2      ,1
 129350 ,3      ,0
 129500 ,1      ,1
 129500 ,2      ,0
 129550 ,6      ,0
 129550 ,7      ,0
 129650 ,1      ,0
 129650 ,2      ,1
 129800 ,1      ,1
 129800 ,2      ,0
 129950 ,1      ,0
 129950 ,2      ,1
 129950 ,6      ,1
 129950 ,7      ,1
 129950 ,8      ,1
 130100 ,1      ,1
 130100 ,2      ,0
 130150 ,1      ,0
 130150 ,2      ,1
 130250 ,1      ,1
 130250 ,2      ,0
 130350 ,1      ,0
 130350 ,2      ,1
 130350 ,6      ,0
 130350 ,7      ,0
 130350 ,8      ,0
 130500 ,1      ,1
 130500 ,2      ,0
 130600 ,1      ,0
 130600 ,2      ,1
 130750 ,1      ,1
 130750 ,2      ,0
 130750 ,7      ,1
 130750 ,8      ,1
 130900 ,1      ,0
 130900 ,2      ,1
 130900 ,8      ,0
 131050 ,2      ,0
 131050 ,3      ,1
 131200 ,3      ,0
 131200 ,4      ,1
 131200 ,8      ,1
 131300 ,2      ,1
 131300 ,4      ,0
 131400 ,8      ,0
 131450 ,2      ,0
 131450 ,3      ,1
 131600 ,2      ,1
 131600 ,3      ,0
 131600 ,6      ,1
 131600 ,7      ,0
 131750 ,2      ,0
 131750 ,3      ,1
 131900 ,3      ,0
 131900 ,4      ,1
 132000 ,3      ,1
 132000 ,4      ,0
 132000 ,8      ,1
 132150 ,3      ,0
 132150 ,4      ,1
 132200 ,8      ,0
 132300 ,4      ,0
 132300 ,5      ,1
 132450 ,3      ,1
 132450 ,5      ,0
 132450 ,6      ,0
 132450 ,7      ,1
 132600 ,3      ,0
 132600 ,4      ,1
 132750 ,3      ,1
 132750 ,4      ,0
 132850 ,7      ,0
 132850 ,8      ,1
 132950 ,5      ,1
 133000 ,3      ,0
 133000 ,5      ,0
 133100 ,3      ,1
 133100 ,5      ,1
 133250 ,3      ,0
 133250 ,5      ,0
 133300 ,1      ,1
 133300 ,3      ,1
 133300 ,7      ,1
 133300 ,8      ,0
 133700 ,1      ,0
 133700 ,2      ,1
 133700 ,3      ,0
 133700 ,4      ,1
 133700 ,6      ,1
 133700 ,7      ,0
 133700 ,8      ,1
 133850 ,2      ,0
 133850 ,4      ,0
 133900 ,8      ,0
 133950 ,2      ,1
 133950 ,4      ,1
 133950 ,7      ,1
 134050 ,7      ,0
 134150 ,1      ,1
 134150 ,2      ,0
 134150 ,3      ,1
 134150 ,4      ,0
 134150 ,6      ,0
 134150 ,7      ,1
 134300 ,1      ,0
 134300 ,3      ,0
 134400 ,1      ,1
 134400 ,3      ,1
 134400 ,6      ,1
 134500 ,6      ,0
 134550 ,1      ,0
 134550 ,2      ,1
 134550 ,3      ,0
 134550 ,4      ,1
 134550 ,6      ,1
 134550 ,7      ,0
 134550 ,8      ,1
 134700 ,2      ,0
 134700 ,4      ,0
 134750 ,8      ,0
 134800 ,2      ,1
 134800 ,4      ,1
 135000 ,1      ,1
 135000 ,2      ,0
 135000 ,3      ,1
 135000 ,4      ,0
 135000 ,6      ,0
 135000 ,7      ,1
 135150 ,1      ,0
 135150 ,3      ,0
 135250 ,1      ,1
 135250 ,3      ,1
 135400 ,1      ,0
 135400 ,2      ,1
 135400 ,3      ,0
 135400 ,6      ,1
 135400 ,7      ,0
 135400 ,8      ,1
 135600 ,2      ,0
 135600 ,8      ,0
 135650 ,2      ,1
 135800 ,1      ,1
 135800 ,2      ,0
 135800 ,3      ,1
 135800 ,6      ,0
 135800 ,7      ,1
 136100 ,1      ,0
 136100 ,2      ,1
 136100 ,4      ,1
 136200 ,8      ,1
 136350 ,2      ,0
 136350 ,4      ,0
 136400 ,8      ,0
 136600 ,2      ,1
 136600 ,4      ,1
 136600 ,6      ,1
 136600 ,7      ,0
 136900 ,2      ,0
 136900 ,4      ,0
 136900 ,6      ,0
 136900 ,7      ,1
 137050 ,1      ,1
 137050 ,5      ,1
 137050 ,6      ,1
 137050 ,7      ,0
 137200 ,3      ,0
 137200 ,5      ,0
 137300 ,1      ,0
 137300 ,2      ,1
 137500 ,2      ,0
 137500 ,3      ,1
 137500 ,6      ,0
 137500 ,7      ,1
 137500 ,8      ,1
 137650 ,2      ,1
 137650 ,3      ,0
 137800 ,2      ,0
 137800 ,3      ,1
 137800 ,6      ,1
 137800 ,7      ,0
 137800 ,8      ,0
 137950 ,3      ,0
 137950 ,4      ,1
 138050 ,4      ,0
 138050 ,5      ,1
 138200 ,1      ,1
 138200 ,3      ,1
 138200 ,5      ,0
 138350 ,1      ,0
 138350 ,2      ,1
 138350 ,3      ,0
 138350 ,4      ,1
 138350 ,6      ,0
 138350 ,7      ,1
 138500 ,1      ,1
 138500 ,2      ,0
 138500 ,3      ,1
 138500 ,4      ,0
 138500 ,5      ,1
 138500 ,6      ,1
 138500 ,8      ,1
 138550 ,6      ,0
 138550 ,7      ,0
 138550 ,8      ,0
 138600 ,1      ,0
 138600 ,2      ,1
 138600 ,3      ,0
 138600 ,6      ,1
 138600 ,7      ,1
 138600 ,8      ,1
 138700 ,5      ,0
 138700 ,6      ,0
 138700 ,7      ,0
 138700 ,8      ,0
 138750 ,2      ,0
 138750 ,3      ,1
 138750 ,5      ,1
 138750 ,6      ,1
 138750 ,7      ,1
 138750 ,8      ,1
 138850 ,5      ,0
 138850 ,6      ,0
 138850 ,7      ,0
 138850 ,8      ,0
 138900 ,3      ,0
 138900 ,4      ,1
 138900 ,5      ,1
 138900 ,6      ,1
 138900 ,7      ,1
 138900 ,8      ,1
 139000 ,5      ,0
 139000 ,6      ,0
 139000 ,7      ,0
 139000 ,8      ,0
 139050 ,3      ,1
 139050 ,4      ,0
 139050 ,5      ,1
 139050 ,6      ,1
 139050 ,7      ,1
 139050 ,8      ,1
 139100 ,5      ,0
 139100 ,6      ,0
 139100 ,7      ,0
 139100 ,8      ,0
 139150 ,1      ,1
 139150 ,2      ,1
 139150 ,4      ,1
 139150 ,5      ,1
 139150 ,6      ,1
 139150 ,7      ,1
 139150 ,8      ,1
 139250 ,1      ,0
 139250 ,2      ,0
 139250 ,3      ,0
 139250 ,4      ,0
 139250 ,5      ,0
 139250 ,6      ,0
 139250 ,7      ,0
 139250 ,8      ,0
 139300 ,1      ,1
 139300 ,2      ,1
 139300 ,3      ,1
 139300 ,4      ,1
 139300 ,5      ,1
 139350 ,1      ,0
 139350 ,2      ,0
 139350 ,3      ,0
 139350 ,4      ,0
 139350 ,5      ,0
 139400 ,1      ,1
 139400 ,2      ,1
 139400 ,3      ,1
 139400 ,4      ,1
 139400 ,5      ,1
 139400 ,6      ,1
 139400 ,7      ,1
 139400 ,8      ,1
 139550 ,2      ,0
 139550 ,3      ,0
 139550 ,4      ,0
 139550 ,5      ,0
 139550 ,7      ,0
 139750 ,8      ,0
 140000 ,1      ,0
 140000 ,2      ,1
 140000 ,6      ,0
 140000 ,7      ,1
 140400 ,2      ,0
 140400 ,3      ,1
 140400 ,7      ,0
 140400 ,8      ,1
 140850 ,3      ,0
 140850 ,4      ,1
 140850 ,7      ,1
 140850 ,8      ,0
 141150 ,4      ,0
 141150 ,5      ,1
 141150 ,7      ,0
 141150 ,8      ,1
 141550 ,5      ,0
 141650 ,1      ,1
 141650 ,5      ,1
 141650 ,6      ,1
 141650 ,8      ,0
 142000 ,5      ,0
 142100 ,1      ,0
 142100 ,2      ,1
 142100 ,6      ,0
 142100 ,7      ,1
 142450 ,1      ,1
 142450 ,2      ,0
 142450 ,3      ,1
 142450 ,7      ,0
 142450 ,8      ,1
 142650 ,1      ,0
 142750 ,1      ,1
 142750 ,3      ,0
 142900 ,7      ,1
 142900 ,8      ,0
 143350 ,1      ,0
 143350 ,2      ,1
 143350 ,7      ,0
 143350 ,8      ,1
 143800 ,2      ,0
 143800 ,3      ,1
 143800 ,6      ,1
 143800 ,8      ,0
 144200 ,3      ,0
 144200 ,4      ,1
 144200 ,6      ,0
 144200 ,7      ,1
 144650 ,4      ,0
 144650 ,5      ,1
 145000 ,1      ,1
 145000 ,5      ,0
 145000 ,6      ,1
 145000 ,7      ,0
 145450 ,1      ,0
 145450 ,2      ,1
 145450 ,6      ,0
 145450 ,7      ,1
 145800 ,1      ,1
 145800 ,2      ,0
 145800 ,3      ,1
 145800 ,7      ,0
 145800 ,8      ,1
 145950 ,1      ,0
 146050 ,1      ,1
 146050 ,3      ,0
 146300 ,6      ,1
 146300 ,8      ,0
 146650 ,1      ,0
 146650 ,2      ,1
 146650 ,6      ,0
 146650 ,7      ,1
 146850 ,2      ,0
 146950 ,2      ,1
 147500 ,2      ,0
 147500 ,3      ,1
 147500 ,7      ,0
 147500 ,8      ,1
 147950 ,1      ,1
 147950 ,5      ,1
 147950 ,6      ,1
 147950 ,7      ,1
 147950 ,8      ,0
 148350 ,1      ,0
 148350 ,2      ,1
 148350 ,3      ,0
 148350 ,4      ,1
 148350 ,5      ,0
 148350 ,6      ,0
 148350 ,7      ,0
 148350 ,8      ,1
 148750 ,1      ,1
 148750 ,2      ,0
 148750 ,3      ,1
 148750 ,4      ,0
 148750 ,7      ,1
 148750 ,8      ,0
 149150 ,1      ,0
 149150 ,5      ,1
 149150 ,7      ,0
 149150 ,8      ,1
 149450 ,2      ,1
 149450 ,3      ,0
 149450 ,4      ,1
 149450 ,5      ,0
 149650 ,1      ,1
 149650 ,2      ,0
 149650 ,3      ,1
 149650 ,4      ,0
 149650 ,6      ,1
 149650 ,8      ,0
 149900 ,1      ,0
 149900 ,3      ,0
 150000 ,1      ,1
 150000 ,3      ,1
 150050 ,6      ,0
 150050 ,7      ,1
 150500 ,1      ,0
 150500 ,2      ,1
 150500 ,3      ,0
 150500 ,4      ,1
 150500 ,7      ,0
 150500 ,8      ,1
 150900 ,2      ,0
 150900 ,3      ,1
 150900 ,4      ,0
 150900 ,5      ,1
 150900 ,6      ,1
 150900 ,8      ,0
 151300 ,3      ,0
 151300 ,6      ,0
 151300 ,8      ,1
 151350 ,4      ,1
 151350 ,7      ,1
 151400 ,3      ,1
 151400 ,6      ,1
 151450 ,2      ,1
 151500 ,1      ,1
 151650 ,1      ,0
 151650 ,2      ,0
 151650 ,3      ,0
 151650 ,4      ,0
 151650 ,5      ,0
 151650 ,6      ,0
 151650 ,7      ,0
 151650 ,8      ,0
 152100 ,5      ,1
 152100 ,6      ,1
 152100 ,7      ,1
 152100 ,8      ,1
 152150 ,4      ,1
 152200 ,3      ,1
 152250 ,2      ,1
 152250 ,5      ,0
 152300 ,1      ,1
 152300 ,4      ,0
 152350 ,3      ,0
 152350 ,5      ,1
 152400 ,2      ,0
 152400 ,4      ,1
 152450 ,1      ,0
 152450 ,3      ,1
 152500 ,2      ,1
 152550 ,1      ,1
 152750 ,1      ,0
 152750 ,2      ,0
 152750 ,3      ,0
 152750 ,4      ,0
 152750 ,7      ,0
 152750 ,8      ,0
 153000 ,4      ,1
 153000 ,5      ,0
 153000 ,8      ,1
 153100 ,4      ,0
 153100 ,5      ,1
 153300 ,4      ,1
 153300 ,5      ,0
 153400 ,6      ,0
 153400 ,7      ,1
 153400 ,8      ,0
 153450 ,3      ,1
 153450 ,4      ,0
 153650 ,3      ,0
 153750 ,3      ,1
 153800 ,1      ,1
 153800 ,6      ,1
 153800 ,7      ,0
 154250 ,1      ,0
 154250 ,3      ,0
 154250 ,7      ,1
 154450 ,4      ,1
 154650 ,3      ,1
 154650 ,4      ,0
 154650 ,5      ,1
 154650 ,6      ,0
 154650 ,7      ,0
 154650 ,8      ,1
 154800 ,5      ,0
 154900 ,2      ,1
 154900 ,3      ,0
 155000 ,2      ,0
 155100 ,2      ,1
 155100 ,7      ,1
 155100 ,8      ,0
 155400 ,2      ,0
 155500 ,2      ,1
 155500 ,6      ,1
 155500 ,7      ,0
 155950 ,2      ,0
 155950 ,6      ,0
 155950 ,7      ,1
 155950 ,8      ,1
 156350 ,1      ,1
 156350 ,6      ,1
 156350 ,7      ,0
 156350 ,8      ,0
 156500 ,1      ,0
 156600 ,1      ,1
 156700 ,1      ,0
 156800 ,1      ,1
 156800 ,6      ,0
 156800 ,7      ,1
 157100 ,1      ,0
 157200 ,1      ,1
 157200 ,7      ,0
 157200 ,8      ,1
 157500 ,1      ,0
 157600 ,1      ,1
 157600 ,7      ,1
 157600 ,8      ,0
 158000 ,1      ,0
 158000 ,2      ,1
 158000 ,7      ,0
 158000 ,8      ,1
 158200 ,2      ,0
 158200 ,3      ,1
 158500 ,3      ,0
 158500 ,4      ,1
 158500 ,6      ,1
 158500 ,8      ,0
 158750 ,4      ,0
 158750 ,5      ,1
 158750 ,7      ,1
 158900 ,5      ,0
 158900 ,6      ,0
 159000 ,5      ,1
 159000 ,6      ,1
 159000 ,7      ,0
 159100 ,4      ,1
 159100 ,5      ,0
 159100 ,6      ,0
 159100 ,7      ,1
 159250 ,3      ,1
 159250 ,4      ,0
 159250 ,7      ,0
 159250 ,8      ,1
 159350 ,2      ,1
 159350 ,3      ,0
 159350 ,7      ,1
 159350 ,8      ,0
 159500 ,1      ,1
 159500 ,2      ,0
 159500 ,7      ,0
 159500 ,8      ,1
 159650 ,1      ,0
 159650 ,3      ,1
 159650 ,6      ,1
 159650 ,8      ,0
 159700 ,1      ,1
 159700 ,2      ,1
 159700 ,4      ,1
 159700 ,5      ,1
 159750 ,7      ,1
 159750 ,8      ,1
 159850 ,1      ,0
 159850 ,2      ,0
 159850 ,3      ,0
 159850 ,4      ,0
 159850 ,5      ,0
 159850 ,6      ,0
 159850 ,7      ,0
 159850 ,8      ,0
 160100 ,5      ,1
 160100 ,6      ,1
 160100 ,7      ,1
 160100 ,8      ,1
 160150 ,4      ,1
 160200 ,3      ,1
 160200 ,5      ,0
 160250 ,2      ,1
 160250 ,4      ,0
 160300 ,1      ,1
 160650 ,1      ,0
 160650 ,2      ,0
 160650 ,3      ,0
 160750 ,1      ,1
 160750 ,2      ,1
 160750 ,3      ,1
 160950 ,1      ,0
 160950 ,2      ,0
 160950 ,4      ,1
 160950 ,5      ,1
 161150 ,3      ,0
 161150 ,4      ,0
 161150 ,5      ,0
 161250 ,3      ,1
 161250 ,4      ,1
 161250 ,5      ,1
 161400 ,1      ,1
 161400 ,4      ,0
 161600 ,1      ,0
 161600 ,2      ,1
 161600 ,3      ,0
 161600 ,4      ,1
 161600 ,5      ,0
 161800 ,1      ,1
 161800 ,2      ,0
 161800 ,3      ,1
 161800 ,4      ,0
 161800 ,5      ,1
 161800 ,6      ,0
 161800 ,8      ,0
 162050 ,1      ,0
 162050 ,2      ,1
 162050 ,3      ,0
 162050 ,4      ,1
 162050 ,5      ,0
 162050 ,6      ,1
 162050 ,7      ,0
 162050 ,8      ,1
 162450 ,6      ,0
 162450 ,8      ,0
 162600 ,1      ,1
 162600 ,3      ,1
 162600 ,5      ,1
 162700 ,1      ,0
 162700 ,2      ,0
 162700 ,3      ,0
 162700 ,4      ,0
 162700 ,5      ,0
 162700 ,6      ,1
 162700 ,7      ,1
 162700 ,8      ,1
 162850 ,1      ,1
 162850 ,2      ,1
 162850 ,3      ,1
 162850 ,4      ,1
 162850 ,5      ,1
 162850 ,6      ,0
 162850 ,7      ,0
 162850 ,8      ,0
 162950 ,1      ,0
 162950 ,2      ,0
 162950 ,3      ,0
 162950 ,4      ,0
 162950 ,5      ,0
 163000 ,1      ,1
 163000 ,2      ,1
 163000 ,3      ,1
 163000 ,4      ,1
 163000 ,5      ,1
 163000 ,6      ,1
 163000 ,7      ,1
 163000 ,8      ,1
 163100 ,1      ,0
 163100 ,2      ,0
 163100 ,3      ,0
 163100 ,4      ,0
 163100 ,5      ,0
 163100 ,6      ,0
 163100 ,7      ,0
 163100 ,8      ,0
 163450 ,5      ,1
 163450 ,6      ,1
 163450 ,7      ,1
 163450 ,8      ,1
 163500 ,4      ,1
 163550 ,3      ,1
 163550 ,5      ,0
 163600 ,2      ,1
 163600 ,4      ,0
 163650 ,1      ,1
 164000 ,1      ,0
 164000 ,2      ,0
 164000 ,3      ,0
 164100 ,1      ,1
 164100 ,2      ,1
 164100 ,3      ,1
 164300 ,1      ,0
 164300 ,2      ,0
 164300 ,4      ,1
 164300 ,5      ,1
 164500 ,3      ,0
 164500 ,4      ,0
 164500 ,5      ,0
 164600 ,3      ,1
 164600 ,4      ,1
 164600 ,5      ,1
 164750 ,1      ,1
 164750 ,4      ,0
 164950 ,1      ,0
 164950 ,2      ,1
 164950 ,3      ,0
 164950 ,4      ,1
 164950 ,5      ,0
 165150 ,1      ,1
 165150 ,2      ,0
 165150 ,3      ,1
 165150 ,4      ,0
 165150 ,5      ,1
 165150 ,6      ,0
 165150 ,8      ,0
 165400 ,1      ,0
 165400 ,2      ,1
 165400 ,3      ,0
 165400 ,4      ,1
 165400 ,5      ,0
 165400 ,6      ,1
 165400 ,7      ,0
 165400 ,8      ,1
 165800 ,6      ,0
 165800 ,8      ,0
 165950 ,1      ,1
 165950 ,3      ,1
 165950 ,5      ,1
 166050 ,1      ,0
 166050 ,2      ,0
 166050 ,3      ,0
 166050 ,4      ,0
 166050 ,5      ,0
 166050 ,6      ,1
 166050 ,7      ,1
 166050 ,8      ,1
 166250 ,5      ,1
 166250 ,6      ,0
 166250 ,7      ,0
 166250 ,8      ,0
 166300 ,4      ,1
 166350 ,3      ,1
 166350 ,5      ,0
 166400 ,2      ,1
 166400 ,6      ,1
 166400 ,8      ,1
 166450 ,1      ,1
 166450 ,3      ,0
 166550 ,1      ,0
 166600 ,8      ,0
 166800 ,1      ,1
 166800 ,2      ,0
 166800 ,3      ,1
 166800 ,4      ,0
 166800 ,6      ,0
 166800 ,7      ,1
 167250 ,1      ,0
 167250 ,2      ,1
 167250 ,3      ,0
 167250 ,4      ,1
 167250 ,7      ,0
 167250 ,8      ,1
 167650 ,2      ,0
 167650 ,3      ,1
 167650 ,4      ,0
 167650 ,5      ,1
 167650 ,7      ,1
 167650 ,8      ,0
 168100 ,2      ,1
 168100 ,3      ,0
 168100 ,4      ,1
 168100 ,5      ,0
 168100 ,6      ,1
 168100 ,7      ,0
 168100 ,8      ,1
 168500 ,1      ,1
 168500 ,2      ,0
 168500 ,3      ,1
 168500 ,4      ,0
 168500 ,6      ,0
 168500 ,7      ,1
 168500 ,8      ,0
 168950 ,1      ,0
 168950 ,3      ,0
 168950 ,7      ,0
 168950 ,8      ,1
 169300 ,5      ,1
 169300 ,6      ,1
 169300 ,7      ,1
 169300 ,8      ,0
 169350 ,4      ,1
 169400 ,3      ,1
 169400 ,5      ,0
 169400 ,8      ,1
 169450 ,2      ,1
 169450 ,4      ,0
 169500 ,1      ,1
 169500 ,3      ,0
 169500 ,5      ,1
 169500 ,8      ,0
 169550 ,2      ,0
 169550 ,4      ,1
 169550 ,8      ,1
 169600 ,1      ,0
 169600 ,3      ,1
 169650 ,2      ,1
 169650 ,8      ,0
 169700 ,1      ,1
 169750 ,1      ,0
 169750 ,3      ,0
 169750 ,5      ,0
 169750 ,7      ,0
 170200 ,1      ,1
 170200 ,2      ,0
 170200 ,3      ,1
 170200 ,4      ,0
 170200 ,6      ,0
 170200 ,7      ,1
 170650 ,1      ,0
 170650 ,2      ,1
 170650 ,3      ,0
 170650 ,4      ,1
 170650 ,7      ,0
 170650 ,8      ,1
 171050 ,2      ,0
 171050 ,3      ,1
 171050 ,4      ,0
 171050 ,5      ,1
 171050 ,7      ,1
 171050 ,8      ,0
 171500 ,2      ,1
 171500 ,3      ,0
 171500 ,4      ,1
 171500 ,5      ,0
 171500 ,6      ,1
 171500 ,7      ,0
 171500 ,8      ,1
 171900 ,1      ,1
 171900 ,2      ,0
 171900 ,3      ,1
 171900 ,4      ,0
 171900 ,6      ,0
 171900 ,7      ,1
 171900 ,8      ,0
 172100 ,6      ,1
 172100 ,8      ,1
 172250 ,6      ,0
 172250 ,8      ,0
 172350 ,1      ,0
 172350 ,3      ,0
 172500 ,6      ,1
 172500 ,8      ,1
 172700 ,1      ,1
 172700 ,2      ,1
 172700 ,3      ,1
 172700 ,4      ,1
 172700 ,5      ,1
 172700 ,6      ,0
 172700 ,7      ,0
 172700 ,8      ,0
 172800 ,1      ,0
 172800 ,2      ,0
 172800 ,3      ,0
 172800 ,4      ,0
 172800 ,5      ,0
 172800 ,6      ,1
 172800 ,7      ,1
 172800 ,8      ,1
 172950 ,5      ,1
 172950 ,6      ,0
 172950 ,7      ,0
 172950 ,8      ,0
 173000 ,4      ,1
 173050 ,3      ,1
 173100 ,2      ,1
 173150 ,3      ,0
 173150 ,5      ,0
 173150 ,6      ,1
 173600 ,1      ,1
 173600 ,2      ,0
 173600 ,3      ,1
 173600 ,4      ,0
 173600 ,6      ,0
 173600 ,7      ,1
 174050 ,1      ,0
 174050 ,2      ,1
 174050 ,3      ,0
 174050 ,4      ,1
 174050 ,7      ,0
 174050 ,8      ,1
 174450 ,2      ,0
 174450 ,3      ,1
 174450 ,4      ,0
 174450 ,5      ,1
 174450 ,7      ,1
 174450 ,8      ,0
 174900 ,2      ,1
 174900 ,3      ,0
 174900 ,4      ,1
 174900 ,5      ,0
 174900 ,6      ,1
 174900 ,7      ,0
 174900 ,8      ,1
 175300 ,1      ,1
 175300 ,2      ,0
 175300 ,3      ,1
 175300 ,4      ,0
 175300 ,6      ,0
 175300 ,7      ,1
 175300 ,8      ,0
 175600 ,5      ,1
 175600 ,6      ,1
 175600 ,8      ,1
 175700 ,1      ,0
 175700 ,3      ,0
 175700 ,5      ,0
 175700 ,6      ,0
 175700 ,7      ,0
 175700 ,8      ,0
 175750 ,2      ,1
 175750 ,4      ,1
 175750 ,6      ,1
 175750 ,7      ,1
 175750 ,8      ,1
 175800 ,2      ,0
 175800 ,4      ,0
 175800 ,6      ,0
 175800 ,7      ,0
 175800 ,8      ,0
 175850 ,1      ,1
 175850 ,3      ,1
 175850 ,5      ,1
 175850 ,6      ,1
 175850 ,7      ,1
 175850 ,8      ,1
 175950 ,1      ,0
 175950 ,3      ,0
 175950 ,5      ,0
 175950 ,6      ,0
 175950 ,7      ,0
 175950 ,8      ,0
 176000 ,2      ,1
 176000 ,4      ,1
 176000 ,6      ,1
 176000 ,7      ,1
 176000 ,8      ,1
 176300 ,2      ,0
 176300 ,4      ,0
 176300 ,6      ,0
 176300 ,7      ,0
 176300 ,8      ,0
 176450 ,1      ,1
 176450 ,3      ,1
 176450 ,5      ,1
 176450 ,8      ,1
 176600 ,1      ,0
 176600 ,2      ,1
 176600 ,3      ,0
 176600 ,4      ,1
 176600 ,5      ,0
 176650 ,8      ,0
 176850 ,1      ,1
 176850 ,2      ,0
 176850 ,3      ,1
 176850 ,4      ,0
 176850 ,5      ,1
 176850 ,7      ,1
 177000 ,1      ,0
 177000 ,2      ,1
 177000 ,3      ,0
 177000 ,4      ,1
 177000 ,5      ,0
 177150 ,1      ,1
 177150 ,2      ,0
 177150 ,3      ,1
 177150 ,4      ,0
 177150 ,5      ,1
 177300 ,1      ,0
 177300 ,2      ,1
 177300 ,3      ,0
 177300 ,4      ,1
 177300 ,5      ,0
 177300 ,6      ,1
 177300 ,7      ,0
 177450 ,1      ,1
 177450 ,2      ,0
 177450 ,3      ,1
 177450 ,4      ,0
 177450 ,5      ,1
 177600 ,1      ,0
 177600 ,2      ,1
 177600 ,3      ,0
 177600 ,4      ,1
 177600 ,5      ,0
 177750 ,1      ,1
 177750 ,2      ,0
 177750 ,3      ,1
 177750 ,4      ,0
 177750 ,5      ,1
 177750 ,6      ,0
 177750 ,7      ,1
 177900 ,1      ,0
 177900 ,2      ,1
 177900 ,3      ,0
 177900 ,4      ,1
 177900 ,5      ,0
 178100 ,1      ,1
 178100 ,2      ,0
 178100 ,4      ,0
 178100 ,5      ,1
 178100 ,6      ,1
 178100 ,7      ,0
 178100 ,8      ,1
 178300 ,1      ,0
 178300 ,2      ,1
 178300 ,3      ,1
 178300 ,4      ,1
 178300 ,5      ,0
 178300 ,8      ,0
 178450 ,1      ,1
 178450 ,2      ,0
 178450 ,3      ,0
 178450 ,4      ,0
 178450 ,5      ,1
 178550 ,1      ,0
 178550 ,2      ,1
 178550 ,3      ,1
 178550 ,4      ,1
 178550 ,5      ,0
 178550 ,6      ,0
 178550 ,8      ,1
 178700 ,1      ,1
 178700 ,2      ,0
 178700 ,3      ,0
 178700 ,4      ,0
 178700 ,5      ,1
 178850 ,1      ,0
 178850 ,2      ,1
 178850 ,3      ,1
 178850 ,4      ,1
 178850 ,5      ,0
 179050 ,1      ,1
 179050 ,2      ,0
 179050 ,3      ,0
 179050 ,4      ,0
 179050 ,5      ,1
 179050 ,7      ,1
 179050 ,8      ,0
 179200 ,1      ,0
 179200 ,2      ,1
 179200 ,3      ,1
 179200 ,4      ,1
 179200 ,5      ,0
 179350 ,1      ,1
 179350 ,2      ,0
 179350 ,3      ,0
 179350 ,4      ,0
 179350 ,5      ,1
 179500 ,1      ,0
 179500 ,2      ,1
 179500 ,3      ,1
 179500 ,4      ,1
 179500 ,5      ,0
 179500 ,6      ,1
 179650 ,1      ,1
 179650 ,2      ,0
 179650 ,3      ,0
 179650 ,4      ,0
 179650 ,5      ,1
 179800 ,1      ,0
 179800 ,2      ,1
 179800 ,3      ,1
 179800 ,4      ,1
 179800 ,5      ,0
 179850 ,1      ,1
 179850 ,2      ,0
 179850 ,3      ,0
 179850 ,4      ,0
 179850 ,6      ,0
 179850 ,7      ,0
 179950 ,1      ,0
 179950 ,2      ,1
 180100 ,2      ,0
 180100 ,3      ,1
 180100 ,6      ,1
 180100 ,7      ,1
 180100 ,8      ,1
 180200 ,6      ,0
 180200 ,7      ,0
 180200 ,8      ,0
 180250 ,3      ,0
 180250 ,4      ,1
 180250 ,6      ,1
 180250 ,7      ,1
 180250 ,8      ,1
 180350 ,6      ,0
 180350 ,7      ,0
 180350 ,8      ,0
 180400 ,3      ,1
 180400 ,4      ,0
 180400 ,6      ,1
 180400 ,7      ,1
 180400 ,8      ,1
 180450 ,6      ,0
 180450 ,7      ,0
 180450 ,8      ,0
 180500 ,6      ,1
 180500 ,7      ,1
 180500 ,8      ,1
 180550 ,2      ,1
 180550 ,3      ,0
 180650 ,1      ,1
 180650 ,2      ,0
 180650 ,3      ,1
 180650 ,6      ,0
 180650 ,7      ,0
 180650 ,8      ,0
 180800 ,1      ,0
 180800 ,2      ,1
 180800 ,3      ,0
 180800 ,4      ,1
 180800 ,6      ,1
 180800 ,7      ,1
 180800 ,8      ,1
 180850 ,6      ,0
 180850 ,7      ,0
 180850 ,8      ,0
 180900 ,6      ,1
 180900 ,7      ,1
 180900 ,8      ,1
 180950 ,2      ,0
 180950 ,3      ,1
 180950 ,4      ,0
 180950 ,5      ,1
 181000 ,6      ,0
 181000 ,7      ,0
 181000 ,8      ,0
 181050 ,6      ,1
 181050 ,7      ,1
 181050 ,8      ,1
 181100 ,3      ,0
 181100 ,4      ,1
 181100 ,5      ,0
 181200 ,6      ,0
 181200 ,7      ,0
 181200 ,8      ,0
 181250 ,3      ,1
 181250 ,4      ,0
 181400 ,2      ,1
 181400 ,3      ,0
 181500 ,6      ,1
 181500 ,7      ,1
 181500 ,8      ,1
 181550 ,1      ,1
 181550 ,2      ,0
 181650 ,6      ,0
 181650 ,7      ,0
 181650 ,8      ,0
 181950 ,8      ,1
 182000 ,2      ,1
 182000 ,7      ,1
 182050 ,3      ,1
 182050 ,6      ,1
 182100 ,4      ,1
 182150 ,5      ,1
 182250 ,6      ,0
 182250 ,7      ,0
 182250 ,8      ,0
 182350 ,1      ,0
 182350 ,6      ,1
 182400 ,2      ,0
 182400 ,7      ,1
 182450 ,3      ,0
 182450 ,8      ,1
 182500 ,1      ,1
 182500 ,4      ,0
 182550 ,2      ,1
 182550 ,5      ,0
 182600 ,3      ,1
 182650 ,4      ,1
 182700 ,5      ,1
 182750 ,1      ,0
 182750 ,2      ,0
 182750 ,3      ,0
 182800 ,1      ,1
 182800 ,2      ,1
 182800 ,3      ,1
 182850 ,2      ,0
 182900 ,1      ,0
 182900 ,2      ,1
 182900 ,4      ,0
 182900 ,5      ,0
 182950 ,1      ,1
 182950 ,2      ,0
 182950 ,3      ,0
 182950 ,7      ,0
 182950 ,8      ,0
 183000 ,2      ,1
 183000 ,3      ,1
 183000 ,4      ,1
 183000 ,5      ,1
 183000 ,7      ,1
 183000 ,8      ,1
 183050 ,1      ,0
 183050 ,2      ,0
 183050 ,3      ,0
 183050 ,4      ,0
 183050 ,5      ,0
 183050 ,6      ,0
 183100 ,8      ,0
 183150 ,1      ,1
 183200 ,1      ,0
 183200 ,2      ,1
 183200 ,3      ,1
 183200 ,4      ,1
 183200 ,5      ,1
 183200 ,6      ,1
 183200 ,8      ,1
 183250 ,1      ,1
 183250 ,2      ,0
 183250 ,8      ,0
 183300 ,1      ,0
 183300 ,2      ,1
 183300 ,3      ,0
 183300 ,4      ,0
 183300 ,5      ,0
 183300 ,6      ,0
 183300 ,7      ,0
 183350 ,1      ,1
 183350 ,3      ,1
 183350 ,4      ,1
 183350 ,5      ,1
 183350 ,7      ,1
 183350 ,8      ,1
 183400 ,2      ,0
 183400 ,3      ,0
 183400 ,8      ,0
 183450 ,7      ,0
 183500 ,1      ,0
 183500 ,2      ,1
 183500 ,5      ,0
 183550 ,1      ,1
 183550 ,2      ,0
 183550 ,3      ,1
 183550 ,6      ,1
 183550 ,7      ,1
 183600 ,4      ,0
 183600 ,5      ,1
 183600 ,6      ,0
 183600 ,7      ,0
 183600 ,8      ,1
 183650 ,2      ,1
 183650 ,5      ,0
 183700 ,1      ,0
 183700 ,2      ,0
 183700 ,3      ,0
 183700 ,6      ,1
 183700 ,8      ,0
 183750 ,1      ,1
 183750 ,2      ,1
 183750 ,3      ,1
 183750 ,4      ,1
 183750 ,5      ,1
 183750 ,7      ,1
 183750 ,8      ,1
 183850 ,1      ,0
 183850 ,2      ,0
 183850 ,3      ,0
 183850 ,4      ,0
 183850 ,6      ,0
 183850 ,7      ,0
 183900 ,1      ,1
 183900 ,5      ,0
 183900 ,8      ,0
 183950 ,1      ,0
 183950 ,2      ,1
 184000 ,1      ,1
 184000 ,3      ,1
 184000 ,4      ,1
 184050 ,1      ,0
 184050 ,5      ,1
 184050 ,6      ,1
 184050 ,8      ,1
 184100 ,2      ,0
 184100 ,3      ,0
 184100 ,4      ,0
 184100 ,5      ,0
 184100 ,6      ,0
 184150 ,4      ,1
 184150 ,8      ,0
 184200 ,2      ,1
 184200 ,4      ,0
 184250 ,2      ,0
 184250 ,3      ,1
 184300 ,4      ,1
 184300 ,6      ,1
 184300 ,8      ,1
 184350 ,1      ,1
 184350 ,3      ,0
 184350 ,4      ,0
 184350 ,6      ,0
 184350 ,8      ,0
 184400 ,2      ,1
 184400 ,3      ,1
 184400 ,5      ,1
 184400 ,6      ,1
 184400 ,7      ,1
 184450 ,2      ,0
 184450 ,3      ,0
 184450 ,4      ,1
 184450 ,5      ,0
 184450 ,8      ,1
 184500 ,1      ,0
 184500 ,4      ,0
 184500 ,5      ,1
 184500 ,6      ,0
 184500 ,7      ,0
 184500 ,8      ,0
 184550 ,1      ,1
 184550 ,2      ,1
 184550 ,3      ,1
 184550 ,4      ,1
 184550 ,5      ,0
 184550 ,7      ,1
 184600 ,6      ,1
 184600 ,8      ,1
 184650 ,3      ,0
 184650 ,4      ,0
 184650 ,5      ,1
 184650 ,6      ,0
 184650 ,7      ,0
 184650 ,8      ,0
 184700 ,2      ,0
 184700 ,6      ,1
 184700 ,7      ,1
 184700 ,8      ,1
 184750 ,2      ,1
 184750 ,3      ,1
 184750 ,4      ,1
 184850 ,8      ,0
 184900 ,2      ,0
 184950 ,1      ,0
 184950 ,3      ,0
 184950 ,4      ,0
 184950 ,6      ,0
 184950 ,7      ,0
 185000 ,1      ,1
 185000 ,2      ,1
 185000 ,3      ,1
 185000 ,4      ,1
 185000 ,6      ,1
 185000 ,7      ,1
 185000 ,8      ,1
 185050 ,2      ,0
 185050 ,3      ,0
 185050 ,5      ,0
 185100 ,1      ,0
 185100 ,2      ,1
 185100 ,4      ,0
 185100 ,6      ,0
 185100 ,7      ,0
 185150 ,1      ,1
 185150 ,3      ,1
 185150 ,4      ,1
 185150 ,5      ,1
 185150 ,6      ,1
 185150 ,7      ,1
 185250 ,5      ,0
 185300 ,5      ,1
 185300 ,8      ,0
 185350 ,1      ,0
 185350 ,5      ,0
 185350 ,7      ,0
 185400 ,1      ,1
 185400 ,5      ,1
 185400 ,6      ,0
 185400 ,7      ,1
 185400 ,8      ,1
 185450 ,6      ,1
 185450 ,7      ,0
 185450 ,8      ,0
 185500 ,7      ,1
 185500 ,8      ,1
 185550 ,2      ,0
 185550 ,3      ,0
 185550 ,6      ,0
 185550 ,7      ,0
 185550 ,8      ,0
 185600 ,2      ,1
 185600 ,3      ,1
 185600 ,6      ,1
 185600 ,7      ,1
 185600 ,8      ,1
 185650 ,1      ,0
 185650 ,2      ,0
 185650 ,4      ,0
 185650 ,6      ,0
 185700 ,1      ,1
 185700 ,2      ,1
 185700 ,4      ,1
 185700 ,6      ,1
 185700 ,7      ,0
 185750 ,1      ,0
 185750 ,3      ,0
 185750 ,6      ,0
 185750 ,8      ,0
 185800 ,3      ,1
 185800 ,6      ,1
 185800 ,8      ,1
 185850 ,1      ,1
 185850 ,2      ,0
 185850 ,3      ,0
 185850 ,6      ,0
 185850 ,8      ,0
 185900 ,2      ,1
 185900 ,3      ,1
 185900 ,4      ,0
 185900 ,5      ,0
 185900 ,8      ,1
 185950 ,4      ,1
 185950 ,5      ,1
 185950 ,6      ,1
 185950 ,7      ,1
 186000 ,1      ,0
 186000 ,4      ,0
 186000 ,6      ,0
 186000 ,7      ,0
 186000 ,8      ,0
 186050 ,1      ,1
 186050 ,4      ,1
 186050 ,6      ,1
 186150 ,1      ,0
 186150 ,2      ,0
 186150 ,3      ,0
 186150 ,4      ,0
 186150 ,5      ,0
 186150 ,6      ,0
 186250 ,1      ,1
 186250 ,2      ,1
 186250 ,3      ,1
 186250 ,4      ,1
 186250 ,5      ,1
 186250 ,7      ,1
 186350 ,1      ,0
 186350 ,2      ,0
 186350 ,3      ,0
 186350 ,4      ,0
 186350 ,5      ,0
 186350 ,7      ,0
 186400 ,1      ,1
 186400 ,2      ,1
 186400 ,3      ,1
 186400 ,4      ,1
 186400 ,5      ,1
 186400 ,6      ,1
 186500 ,1      ,0
 186500 ,2      ,0
 186500 ,3      ,0
 186500 ,4      ,0
 186500 ,5      ,0
 186500 ,6      ,0
 186550 ,1      ,1
 186550 ,2      ,1
 186550 ,3      ,1
 186550 ,4      ,1
 186550 ,5      ,1
 186550 ,8      ,1
 186650 ,1      ,0
 186650 ,2      ,0
 186650 ,3      ,0
 186650 ,4      ,0
 186650 ,5      ,0
 186650 ,8      ,0
 186750 ,1      ,1
 186750 ,2      ,1
 186750 ,3      ,1
 186750 ,4      ,1
 186750 ,5      ,1
 186750 ,7      ,1
 186850 ,1      ,0
 186850 ,2      ,0
 186850 ,3      ,0
 186850 ,4      ,0
 186850 ,5      ,0
 186850 ,7      ,0
 186900 ,1      ,1
 186900 ,2      ,1
 186900 ,3      ,1
 186900 ,4      ,1
 186900 ,5      ,1
 186900 ,6      ,1
 187000 ,1      ,0
 187000 ,2      ,0
 187000 ,3      ,0
 187000 ,4      ,0
 187000 ,5      ,0
 187000 ,6      ,0
 187050 ,1      ,1
 187050 ,2      ,1
 187050 ,3      ,1
 187050 ,4      ,1
 187050 ,5      ,1
 187050 ,6      ,1
 187050 ,7      ,1
 187150 ,1      ,0
 187150 ,2      ,0
 187150 ,3      ,0
 187150 ,4      ,0
 187150 ,5      ,0
 187150 ,6      ,0
 187150 ,7      ,0
 187200 ,1      ,1
 187200 ,2      ,1
 187200 ,3      ,1
 187200 ,4      ,1
 187200 ,5      ,1
 187200 ,6      ,1
 187200 ,7      ,1
 187200 ,8      ,1
 187300 ,1      ,0
 187300 ,2      ,0
 187300 ,3      ,0
 187300 ,4      ,0
 187300 ,5      ,0
 187300 ,6      ,0
 187300 ,7      ,0
 187300 ,8      ,0
 187350 ,1      ,1
 187350 ,2      ,1
 187350 ,3      ,1
 187350 ,4      ,1
 187350 ,5      ,1
 187350 ,6      ,1
 187350 ,7      ,1
 187450 ,1      ,0
 187450 ,2      ,0
 187450 ,3      ,0
 187450 ,4      ,0
 187450 ,5      ,0
 187450 ,6      ,0
 187450 ,7      ,0
 187550 ,1      ,1
 187550 ,7      ,1
 187600 ,2      ,1
 187600 ,3      ,1
 187600 ,4      ,1
 187600 ,5      ,1
 187600 ,6      ,1
 187600 ,8      ,1
 187750 ,1      ,0
 187750 ,2      ,0
 187750 ,3      ,0
 187750 ,4      ,0
 187750 ,5      ,0
 187750 ,6      ,0
 187750 ,7      ,0
 187750 ,8      ,0
 188200 ,1      ,1
 188250 ,2      ,1
 188300 ,3      ,1
 188350 ,4      ,1
 188400 ,5      ,1
 188500 ,6      ,1
 188500 ,7      ,1
 188500 ,8      ,1
 188750 ,1      ,0
 188750 ,2      ,0
 188750 ,3      ,0
 188750 ,4      ,0
 188750 ,5      ,0
 188750 ,6      ,0
 188750 ,7      ,0
 188750 ,8      ,0
 205650 ,1      ,0
 205650 ,2      ,0
 205650 ,3      ,0
 205650 ,4      ,0
 205650 ,5      ,0
 205650 ,6      ,0
 205650 ,7      ,0
 205650 ,8      ,0
 205650 ,END    ,1
