TIME(MS),COMMAND,VALUE
 004050 ,6      ,1
 004050 ,7      ,1
 004050 ,8      ,1
 004150 ,6      ,0
 004150 ,7      ,0
 004150 ,8      ,0
 004500 ,6      ,1
 004500 ,7      ,1
 004500 ,8      ,1
 004600 ,6      ,0
 004600 ,7      ,0
 004600 ,8      ,0
 004750 ,1      ,1
 004850 ,1      ,0
 004850 ,4      ,1
 005000 ,2      ,1
 005000 ,4      ,0
 005150 ,2      ,0
 005150 ,3      ,1
 005300 ,3      ,0
 005300 ,5      ,1
 005450 ,2      ,1
 005450 ,5      ,0
 005550 ,2      ,0
 005550 ,3      ,1
 005700 ,1      ,1
 005700 ,3      ,0
 005800 ,1      ,0
 005800 ,4      ,1
 005950 ,3      ,1
 005950 ,4      ,0
 006100 ,3      ,0
 006300 ,6      ,1
 006300 ,7      ,1
 006300 ,8      ,1
 006400 ,6      ,0
 006400 ,7      ,0
 006400 ,8      ,0
 006750 ,6      ,1
 006750 ,7      ,1
 006750 ,8      ,1
 006850 ,6      ,0
 006850 ,7      ,0
 006850 ,8      ,0
 007000 ,1      ,1
 007100 ,1      ,0
 007100 ,4      ,1
 007250 ,2      ,1
 007250 ,4      ,0
 007400 ,2      ,0
 007400 ,3      ,1
 007550 ,3      ,0
 007550 ,5      ,1
 007700 ,2      ,1
 007700 ,5      ,0
 007800 ,2      ,0
 007800 ,3      ,1
 007950 ,1      ,1
 007950 ,3      ,0
 008050 ,1      ,0
 008050 ,4      ,1
 008200 ,3      ,1
 008200 ,4      ,0
 008350 ,3      ,0
 008400 ,6      ,1
 008400 ,7      ,1
 008400 ,8      ,1
 008500 ,6      ,0
 008500 ,7      ,0
 008500 ,8      ,0
 008850 ,6      ,1
 008850 ,7      ,1
 008850 ,8      ,1
 008950 ,6      ,0
 008950 ,7      ,0
 008950 ,8      ,0
 009100 ,1      ,1
 009200 ,1      ,0
 009200 ,4      ,1
 009350 ,2      ,1
 009350 ,4      ,0
 009500 ,2      ,0
 009500 ,3      ,1
 009650 ,3      ,0
 009650 ,5      ,1
 009800 ,2      ,1
 009800 ,5      ,0
 009900 ,2      ,0
 009900 ,3      ,1
 010050 ,1      ,1
 010050 ,3      ,0
 010150 ,1      ,0
 010150 ,4      ,1
 010300 ,3      ,1
 010300 ,4      ,0
 010450 ,3      ,0
 010550 ,6      ,1
 010550 ,7      ,1
 010550 ,8      ,1
 010650 ,6      ,0
 010650 ,7      ,0
 010650 ,8      ,0
 011000 ,6      ,1
 011000 ,7      ,1
 011000 ,8      ,1
 011100 ,6      ,0
 011100 ,7      ,0
 011100 ,8      ,0
 011250 ,1      ,1
 011350 ,1      ,0
 011350 ,4      ,1
 011500 ,2      ,1
 011500 ,4      ,0
 011650 ,2      ,0
 011650 ,3      ,1
 011800 ,3      ,0
 011800 ,5      ,1
 011950 ,2      ,1
 011950 ,5      ,0
 012050 ,2      ,0
 012050 ,3      ,1
 012200 ,1      ,1
 012200 ,3      ,0
 012300 ,1      ,0
 012300 ,4      ,1
 012450 ,3      ,1
 012450 ,4      ,0
 012600 ,3      ,0
 012700 ,3      ,1
 012700 ,6      ,1
 012700 ,7      ,1
 012700 ,8      ,1
 012800 ,6      ,0
 012800 ,7      ,0
 012800 ,8      ,0
 013150 ,6      ,1
 013150 ,7      ,1
 013150 ,8      ,1
 013250 ,6      ,0
 013250 ,7      ,0
 013250 ,8      ,0
 013400 ,6      ,1
 013500 ,6      ,0
 013500 ,7      ,1
 013650 ,6      ,1
 013650 ,7      ,0
 013800 ,3      ,0
 013800 ,5      ,1
 013800 ,6      ,0
 013800 ,8      ,1
 013950 ,7      ,1
 013950 ,8      ,0
 014100 ,6      ,1
 014100 ,7      ,0
 014200 ,6      ,0
 014200 ,8      ,1
 014350 ,3      ,1
 014350 ,5      ,0
 014350 ,7      ,1
 014350 ,8      ,0
 014450 ,7      ,0
 014450 ,8      ,1
 014600 ,7      ,1
 014600 ,8      ,0
 014750 ,7      ,0
 014850 ,1      ,1
 014850 ,3      ,0
 014850 ,6      ,1
 014850 ,7      ,1
 014850 ,8      ,1
 014950 ,6      ,0
 014950 ,7      ,0
 014950 ,8      ,0
 015300 ,6      ,1
 015300 ,7      ,1
 015300 ,8      ,1
 015400 ,6      ,0
 015400 ,7      ,0
 015400 ,8      ,0
 015550 ,6      ,1
 015650 ,6      ,0
 015650 ,7      ,1
 015800 ,6      ,1
 015800 ,7      ,0
 015950 ,1      ,0
 015950 ,3      ,1
 015950 ,6      ,0
 015950 ,8      ,1
 016100 ,7      ,1
 016100 ,8      ,0
 016250 ,6      ,1
 016250 ,7      ,0
 016350 ,6      ,0
 016350 ,8      ,1
 016400 ,3      ,0
 016500 ,7      ,1
 016500 ,8      ,0
 016600 ,7      ,0
 016600 ,8      ,1
 016750 ,7      ,1
 016750 ,8      ,0
 016950 ,7      ,0
 017000 ,2      ,1
 017000 ,6      ,1
 017000 ,7      ,1
 017000 ,8      ,1
 017100 ,6      ,0
 017100 ,7      ,0
 017100 ,8      ,0
 017450 ,2      ,0
 017450 ,4      ,1
 017450 ,6      ,1
 017450 ,7      ,1
 017450 ,8      ,1
 017550 ,6      ,0
 017550 ,7      ,0
 017550 ,8      ,0
 017700 ,6      ,1
 017800 ,6      ,0
 017800 ,7      ,1
 017950 ,6      ,1
 017950 ,7      ,0
 018100 ,6      ,0
 018100 ,8      ,1
 018250 ,2      ,1
 018250 ,4      ,0
 018250 ,7      ,1
 018250 ,8      ,0
 018400 ,6      ,1
 018400 ,7      ,0
 018500 ,6      ,0
 018500 ,8      ,1
 018650 ,1      ,1
 018650 ,2      ,0
 018650 ,7      ,1
 018650 ,8      ,0
 018750 ,7      ,0
 018750 ,8      ,1
 018900 ,7      ,1
 018900 ,8      ,0
 019050 ,7      ,0
 019150 ,1      ,0
 019150 ,2      ,1
 019150 ,6      ,1
 019150 ,7      ,1
 019150 ,8      ,1
 019250 ,6      ,0
 019250 ,7      ,0
 019250 ,8      ,0
 019600 ,6      ,1
 019600 ,7      ,1
 019600 ,8      ,1
 019700 ,6      ,0
 019700 ,7      ,0
 019700 ,8      ,0
 019850 ,6      ,1
 020000 ,6      ,0
 020000 ,7      ,1
 020100 ,7      ,0
 020100 ,8      ,1
 020150 ,7      ,1
 020200 ,6      ,1
 020250 ,8      ,0
 020300 ,2      ,0
 020300 ,3      ,1
 020300 ,6      ,0
 020300 ,7      ,0
 020300 ,8      ,1
 020400 ,7      ,1
 020400 ,8      ,0
 020700 ,3      ,0
 020700 ,7      ,0
 020700 ,8      ,1
 020800 ,7      ,1
 020800 ,8      ,0
 020850 ,3      ,1
 020900 ,7      ,0
 020900 ,8      ,1
 021050 ,7      ,1
 021050 ,8      ,0
 021200 ,3      ,0
 021200 ,7      ,0
 021350 ,3      ,1
 021350 ,6      ,1
 021350 ,7      ,1
 021350 ,8      ,1
 021450 ,6      ,0
 021450 ,7      ,0
 021450 ,8      ,0
 021800 ,6      ,1
 021800 ,7      ,1
 021800 ,8      ,1
 021900 ,6      ,0
 021900 ,7      ,0
 021900 ,8      ,0
 022050 ,6      ,1
 022150 ,6      ,0
 022150 ,7      ,1
 022300 ,3      ,0
 022300 ,6      ,1
 022300 ,7      ,0
 022450 ,3      ,1
 022450 ,6      ,0
 022450 ,8      ,1
 022600 ,7      ,1
 022600 ,8      ,0
 022750 ,6      ,1
 022750 ,7      ,0
 022850 ,6      ,0
 022850 ,8      ,1
 023000 ,3      ,0
 023000 ,4      ,1
 023000 ,7      ,1
 023000 ,8      ,0
 023100 ,7      ,0
 023100 ,8      ,1
 023250 ,7      ,1
 023250 ,8      ,0
 023400 ,4      ,0
 023400 ,7      ,0
 023500 ,5      ,1
 023500 ,6      ,1
 023500 ,7      ,1
 023500 ,8      ,1
 023600 ,6      ,0
 023600 ,7      ,0
 023600 ,8      ,0
 023950 ,6      ,1
 023950 ,7      ,1
 023950 ,8      ,1
 024050 ,6      ,0
 024050 ,7      ,0
 024050 ,8      ,0
 024100 ,4      ,1
 024100 ,5      ,0
 024200 ,6      ,1
 024300 ,6      ,0
 024300 ,7      ,1
 024450 ,6      ,1
 024450 ,7      ,0
 024600 ,6      ,0
 024600 ,8      ,1
 024650 ,3      ,1
 024650 ,4      ,0
 024750 ,7      ,1
 024750 ,8      ,0
 024900 ,6      ,1
 024900 ,7      ,0
 025000 ,6      ,0
 025000 ,8      ,1
 025150 ,7      ,1
 025150 ,8      ,0
 025200 ,2      ,1
 025200 ,3      ,0
 025250 ,7      ,0
 025250 ,8      ,1
 025400 ,7      ,1
 025400 ,8      ,0
 025500 ,2      ,0
 025600 ,7      ,0
 025650 ,1      ,1
 025650 ,3      ,1
 025650 ,6      ,1
 025650 ,7      ,1
 025650 ,8      ,1
 025750 ,6      ,0
 025750 ,7      ,0
 025750 ,8      ,0
 026100 ,6      ,1
 026100 ,7      ,1
 026100 ,8      ,1
 026200 ,6      ,0
 026200 ,7      ,0
 026200 ,8      ,0
 026350 ,6      ,1
 026450 ,6      ,0
 026450 ,7      ,1
 026600 ,6      ,1
 026600 ,7      ,0
 026750 ,1      ,0
 026750 ,2      ,1
 026750 ,3      ,0
 026750 ,4      ,1
 026750 ,6      ,0
 026750 ,8      ,1
 026900 ,7      ,1
 026900 ,8      ,0
 027050 ,6      ,1
 027050 ,7      ,0
 027150 ,6      ,0
 027150 ,8      ,1
 027300 ,7      ,1
 027300 ,8      ,0
 027400 ,7      ,0
 027400 ,8      ,1
 027450 ,2      ,0
 027450 ,3      ,1
 027450 ,4      ,0
 027450 ,5      ,1
 027550 ,7      ,1
 027550 ,8      ,0
 027750 ,3      ,0
 027750 ,5      ,0
 027750 ,7      ,0
 027850 ,3      ,1
 027850 ,5      ,1
 027850 ,6      ,1
 027850 ,7      ,1
 027850 ,8      ,1
 027950 ,6      ,0
 027950 ,7      ,0
 027950 ,8      ,0
 028300 ,6      ,1
 028300 ,7      ,1
 028300 ,8      ,1
 028400 ,6      ,0
 028400 ,7      ,0
 028400 ,8      ,0
 028550 ,6      ,1
 028650 ,6      ,0
 028650 ,7      ,1
 028700 ,3      ,0
 028700 ,5      ,0
 028800 ,6      ,1
 028800 ,7      ,0
 028950 ,6      ,0
 028950 ,8      ,1
 029100 ,7      ,1
 029100 ,8      ,0
 029250 ,6      ,1
 029250 ,7      ,0
 029350 ,6      ,0
 029350 ,8      ,1
 029500 ,2      ,1
 029500 ,7      ,1
 029500 ,8      ,0
 029600 ,7      ,0
 029600 ,8      ,1
 029750 ,7      ,1
 029750 ,8      ,0
 029900 ,2      ,0
 029900 ,7      ,0
 030000 ,2      ,1
 030000 ,6      ,1
 030000 ,7      ,1
 030000 ,8      ,1
 030100 ,6      ,0
 030100 ,7      ,0
 030100 ,8      ,0
 030200 ,2      ,0
 030250 ,2      ,1
 030300 ,5      ,1
 030400 ,4      ,1
 030400 ,5      ,0
 030450 ,6      ,1
 030450 ,7      ,1
 030450 ,8      ,1
 030500 ,4      ,0
 030550 ,6      ,0
 030550 ,7      ,0
 030550 ,8      ,0
 030700 ,4      ,1
 030700 ,6      ,1
 030800 ,4      ,0
 030800 ,5      ,1
 030800 ,6      ,0
 030800 ,7      ,1
 030900 ,5      ,0
 030950 ,6      ,1
 030950 ,7      ,0
 031100 ,6      ,0
 031100 ,8      ,1
 031150 ,2      ,0
 031150 ,3      ,1
 031250 ,7      ,1
 031250 ,8      ,0
 031400 ,6      ,1
 031400 ,7      ,0
 031500 ,6      ,0
 031500 ,8      ,1
 031650 ,3      ,0
 031650 ,4      ,1
 031650 ,7      ,1
 031650 ,8      ,0
 031750 ,7      ,0
 031750 ,8      ,1
 031900 ,7      ,1
 031900 ,8      ,0
 032100 ,7      ,0
 032150 ,6      ,1
 032150 ,7      ,1
 032150 ,8      ,1
 032200 ,4      ,0
 032200 ,5      ,1
 032250 ,6      ,0
 032250 ,7      ,0
 032250 ,8      ,0
 032450 ,3      ,1
 032550 ,2      ,1
 032550 ,3      ,0
 032600 ,6      ,1
 032600 ,7      ,1
 032600 ,8      ,1
 032650 ,2      ,0
 032700 ,6      ,0
 032700 ,7      ,0
 032700 ,8      ,0
 032850 ,6      ,1
 032900 ,2      ,1
 033000 ,1      ,1
 033000 ,2      ,0
 033000 ,6      ,0
 033000 ,7      ,1
 033100 ,1      ,0
 033100 ,6      ,1
 033100 ,7      ,0
 033250 ,3      ,1
 033250 ,5      ,0
 033250 ,6      ,0
 033250 ,8      ,1
 033400 ,7      ,1
 033400 ,8      ,0
 033550 ,6      ,1
 033550 ,7      ,0
 033650 ,6      ,0
 033650 ,8      ,1
 033800 ,7      ,1
 033800 ,8      ,0
 033900 ,7      ,0
 033900 ,8      ,1
 034050 ,7      ,1
 034050 ,8      ,0
 034250 ,3      ,0
 034250 ,7      ,0
 034350 ,1      ,1
 034350 ,3      ,1
 034350 ,5      ,1
 034350 ,6      ,1
 034350 ,7      ,1
 034350 ,8      ,1
 034450 ,6      ,0
 034450 ,7      ,0
 034450 ,8      ,0
 034700 ,1      ,0
 034700 ,3      ,0
 034700 ,5      ,0
 034750 ,6      ,1
 034750 ,7      ,1
 034750 ,8      ,1
 034850 ,6      ,0
 034850 ,7      ,0
 034850 ,8      ,0
 034900 ,3      ,1
 035000 ,6      ,1
 035100 ,6      ,0
 035100 ,7      ,1
 035150 ,2      ,1
 035150 ,4      ,1
 035200 ,3      ,0
 035250 ,6      ,1
 035250 ,7      ,0
 035400 ,1      ,1
 035400 ,2      ,0
 035400 ,3      ,1
 035400 ,4      ,0
 035400 ,5      ,1
 035400 ,6      ,0
 035400 ,8      ,1
 035550 ,7      ,1
 035550 ,8      ,0
 035700 ,6      ,1
 035700 ,7      ,0
 035800 ,1      ,0
 035800 ,3      ,0
 035800 ,5      ,0
 035800 ,6      ,0
 035800 ,8      ,1
 035950 ,3      ,1
 035950 ,7      ,1
 035950 ,8      ,0
 036050 ,7      ,0
 036050 ,8      ,1
 036200 ,7      ,1
 036200 ,8      ,0
 036300 ,1      ,1
 036400 ,7      ,0
 036500 ,1      ,0
 036500 ,3      ,0
 036550 ,6      ,1
 036550 ,7      ,1
 036550 ,8      ,1
 036600 ,1      ,1
 036600 ,2      ,1
 036650 ,6      ,0
 036650 ,7      ,0
 036650 ,8      ,0
 037000 ,3      ,1
 037000 ,6      ,1
 037000 ,7      ,1
 037000 ,8      ,1
 037100 ,6      ,0
 037100 ,7      ,0
 037100 ,8      ,0
 037250 ,6      ,1
 037350 ,6      ,0
 037350 ,7      ,1
 037400 ,4      ,1
 037400 ,5      ,1
 037500 ,6      ,1
 037500 ,7      ,0
 037650 ,6      ,0
 037650 ,8      ,1
 037800 ,7      ,1
 037800 ,8      ,0
 037850 ,1      ,0
 037850 ,2      ,0
 037850 ,3      ,0
 037850 ,4      ,0
 037850 ,5      ,0
 037950 ,6      ,1
 037950 ,7      ,0
 038050 ,6      ,0
 038050 ,8      ,1
 038200 ,2      ,1
 038200 ,7      ,1
 038200 ,8      ,0
 038300 ,7      ,0
 038300 ,8      ,1
 038450 ,7      ,1
 038450 ,8      ,0
 038650 ,2      ,0
 038650 ,6      ,1
 038650 ,8      ,1
 038750 ,2      ,1
 038750 ,6      ,0
 038750 ,7      ,0
 038750 ,8      ,0
 039100 ,2      ,0
 039100 ,3      ,1
 039100 ,6      ,1
 039100 ,7      ,1
 039100 ,8      ,1
 039200 ,6      ,0
 039200 ,7      ,0
 039200 ,8      ,0
 039350 ,6      ,1
 039450 ,6      ,0
 039450 ,7      ,1
 039600 ,6      ,1
 039600 ,7      ,0
 039750 ,3      ,0
 039750 ,4      ,1
 039750 ,6      ,0
 039750 ,8      ,1
 039900 ,7      ,1
 039900 ,8      ,0
 040050 ,4      ,0
 040050 ,6      ,1
 040050 ,7      ,0
 040150 ,6      ,0
 040150 ,8      ,1
 040300 ,3      ,1
 040300 ,7      ,1
 040300 ,8      ,0
 040400 ,7      ,0
 040400 ,8      ,1
 040550 ,7      ,1
 040550 ,8      ,0
 040700 ,7      ,0
 040950 ,3      ,0
 040950 ,4      ,1
 040950 ,6      ,1
 040950 ,7      ,1
 040950 ,8      ,1
 041050 ,6      ,0
 041050 ,7      ,0
 041050 ,8      ,0
 041400 ,6      ,1
 041400 ,7      ,1
 041400 ,8      ,1
 041500 ,6      ,0
 041500 ,7      ,0
 041500 ,8      ,0
 041650 ,6      ,1
 041750 ,6      ,0
 041750 ,7      ,1
 041900 ,4      ,0
 041900 ,5      ,1
 041900 ,6      ,1
 041900 ,7      ,0
 042050 ,4      ,1
 042050 ,6      ,0
 042050 ,8      ,1
 042200 ,7      ,1
 042200 ,8      ,0
 042350 ,3      ,1
 042350 ,5      ,0
 042350 ,6      ,1
 042350 ,7      ,0
 042450 ,6      ,0
 042450 ,8      ,1
 042550 ,3      ,0
 042550 ,4      ,0
 042600 ,1      ,1
 042600 ,3      ,1
 042600 ,4      ,1
 042600 ,7      ,1
 042600 ,8      ,0
 042700 ,7      ,0
 042700 ,8      ,1
 042850 ,3      ,0
 042850 ,5      ,1
 042850 ,7      ,1
 042850 ,8      ,0
 043000 ,7      ,0
 043050 ,1      ,0
 043100 ,4      ,0
 043100 ,5      ,0
 043100 ,6      ,1
 043100 ,7      ,1
 043100 ,8      ,1
 043150 ,1      ,1
 043150 ,3      ,1
 043200 ,6      ,0
 043200 ,7      ,0
 043200 ,8      ,0
 043500 ,1      ,0
 043500 ,2      ,1
 043500 ,3      ,0
 043500 ,4      ,1
 043550 ,6      ,1
 043550 ,7      ,1
 043550 ,8      ,1
 043650 ,6      ,0
 043650 ,7      ,0
 043650 ,8      ,0
 043800 ,6      ,1
 043900 ,6      ,0
 043900 ,7      ,1
 044050 ,6      ,1
 044050 ,7      ,0
 044100 ,2      ,0
 044100 ,3      ,1
 044100 ,4      ,0
 044100 ,5      ,1
 044200 ,6      ,0
 044200 ,8      ,1
 044350 ,7      ,1
 044350 ,8      ,0
 044450 ,3      ,0
 044450 ,5      ,0
 044500 ,6      ,1
 044500 ,7      ,0
 044600 ,2      ,1
 044600 ,4      ,1
 044600 ,6      ,0
 044600 ,8      ,1
 044750 ,7      ,1
 044750 ,8      ,0
 044850 ,7      ,0
 044850 ,8      ,1
 045000 ,7      ,1
 045000 ,8      ,0
 045150 ,1      ,1
 045150 ,2      ,0
 045150 ,3      ,1
 045150 ,4      ,0
 045150 ,7      ,0
 045250 ,6      ,1
 045250 ,7      ,1
 045250 ,8      ,1
 045350 ,6      ,0
 045350 ,7      ,0
 045350 ,8      ,0
 045700 ,6      ,1
 045700 ,7      ,1
 045700 ,8      ,1
 045800 ,6      ,0
 045800 ,7      ,0
 045800 ,8      ,0
 045950 ,6      ,1
 046050 ,6      ,0
 046050 ,7      ,1
 046200 ,6      ,1
 046200 ,7      ,0
 046300 ,1      ,0
 046300 ,2      ,1
 046300 ,3      ,0
 046300 ,4      ,1
 046350 ,6      ,0
 046350 ,8      ,1
 046500 ,7      ,1
 046500 ,8      ,0
 046650 ,6      ,1
 046650 ,7      ,0
 046700 ,2      ,0
 046700 ,4      ,0
 046750 ,6      ,0
 046750 ,8      ,1
 046900 ,7      ,1
 046900 ,8      ,0
 047000 ,7      ,0
 047000 ,8      ,1
 047150 ,7      ,1
 047150 ,8      ,0
 047350 ,1      ,1
 047350 ,5      ,1
 047350 ,6      ,1
 047350 ,8      ,1
 047700 ,6      ,0
 047700 ,7      ,0
 047700 ,8      ,0
 047900 ,1      ,0
 047900 ,2      ,1
 047900 ,4      ,1
 047900 ,5      ,0
 048400 ,2      ,0
 048400 ,3      ,1
 048400 ,4      ,0
 048400 ,6      ,1
 048400 ,7      ,1
 048800 ,6      ,0
 048800 ,7      ,0
 049050 ,2      ,1
 049050 ,3      ,0
 049050 ,4      ,1
 049200 ,7      ,1
 049200 ,8      ,1
 049500 ,2      ,0
 049500 ,3      ,1
 049500 ,4      ,0
 049500 ,5      ,1
 049500 ,7      ,0
 049500 ,8      ,0
 049900 ,7      ,1
 050550 ,1      ,1
 050550 ,3      ,0
 050550 ,6      ,1
 050550 ,7      ,0
 050550 ,8      ,1
 051150 ,1      ,0
 051150 ,3      ,1
 051550 ,2      ,1
 051550 ,3      ,0
 051550 ,4      ,1
 051550 ,5      ,0
 051600 ,6      ,0
 051600 ,7      ,1
 051600 ,8      ,0
 052050 ,8      ,1
 052450 ,6      ,1
 052450 ,7      ,0
 052450 ,8      ,0
 052700 ,7      ,1
 052700 ,8      ,1
 052750 ,1      ,1
 052750 ,2      ,0
 052750 ,3      ,1
 052750 ,4      ,0
 052750 ,6      ,0
 053150 ,7      ,0
 053650 ,7      ,1
 053650 ,8      ,0
 053800 ,5      ,1
 053800 ,6      ,1
 053800 ,7      ,0
 053800 ,8      ,1
 054100 ,1      ,0
 054100 ,3      ,0
 054100 ,5      ,0
 054200 ,1      ,1
 054200 ,3      ,1
 054200 ,5      ,1
 054200 ,6      ,0
 054200 ,7      ,1
 054200 ,8      ,0
 054400 ,1      ,0
 054400 ,5      ,0
 054400 ,7      ,0
 054500 ,1      ,1
 054500 ,5      ,1
 054650 ,1      ,0
 054650 ,5      ,0
 054700 ,1      ,1
 054700 ,5      ,1
 054800 ,1      ,0
 054800 ,5      ,0
 054850 ,1      ,1
 054850 ,5      ,1
 055100 ,1      ,0
 055100 ,2      ,1
 055100 ,4      ,1
 055100 ,5      ,0
 055400 ,2      ,0
 055400 ,4      ,0
 056000 ,2      ,1
 056000 ,3      ,0
 056000 ,4      ,1
 056250 ,2      ,0
 056250 ,4      ,0
 056350 ,2      ,1
 056350 ,4      ,1
 056500 ,2      ,0
 056500 ,4      ,0
 056600 ,2      ,1
 056600 ,4      ,1
 056800 ,2      ,0
 056800 ,4      ,0
 056900 ,2      ,1
 056900 ,4      ,1
 057100 ,1      ,1
 057100 ,2      ,0
 057100 ,3      ,1
 057100 ,4      ,0
 057350 ,1      ,0
 057350 ,2      ,1
 057350 ,3      ,0
 057350 ,4      ,1
 057500 ,2      ,0
 057500 ,3      ,1
 057500 ,4      ,0
 057500 ,5      ,1
 058150 ,1      ,1
 058150 ,3      ,0
 058400 ,1      ,0
 058400 ,5      ,0
 058500 ,1      ,1
 058500 ,5      ,1
 058750 ,1      ,0
 058750 ,5      ,0
 058850 ,1      ,1
 058850 ,5      ,1
 059000 ,1      ,0
 059000 ,5      ,0
 059100 ,1      ,1
 059100 ,5      ,1
 059150 ,1      ,0
 059150 ,5      ,0
 059200 ,2      ,1
 059200 ,4      ,1
 059350 ,2      ,0
 059350 ,4      ,0
 059450 ,2      ,1
 059450 ,4      ,1
 059750 ,2      ,0
 059750 ,3      ,1
 059750 ,4      ,0
 059900 ,3      ,0
 060000 ,3      ,1
 060250 ,1      ,1
 060250 ,2      ,1
 060250 ,4      ,1
 060250 ,5      ,1
 060450 ,1      ,0
 060450 ,2      ,0
 060450 ,3      ,0
 060450 ,4      ,0
 060450 ,5      ,0
 060550 ,1      ,1
 060550 ,2      ,1
 060550 ,3      ,1
 060550 ,4      ,1
 060550 ,5      ,1
 061000 ,1      ,0
 061000 ,2      ,0
 061000 ,3      ,0
 061000 ,4      ,0
 061000 ,5      ,0
 061100 ,1      ,1
 061100 ,2      ,1
 061100 ,3      ,1
 061100 ,4      ,1
 061100 ,5      ,1
 061250 ,1      ,0
 061250 ,2      ,0
 061250 ,3      ,0
 061250 ,4      ,0
 061250 ,5      ,0
 061350 ,5      ,1
 061400 ,4      ,1
 061450 ,3      ,1
 061500 ,2      ,1
 061550 ,1      ,1
 061700 ,1      ,0
 061700 ,2      ,0
 061700 ,3      ,0
 061700 ,4      ,0
 061700 ,5      ,0
 061750 ,1      ,1
 061750 ,2      ,1
 061750 ,3      ,1
 061750 ,4      ,1
 061750 ,5      ,1
 061950 ,5      ,0
 062000 ,4      ,0
 062050 ,3      ,0
 062100 ,2      ,0
 062100 ,5      ,1
 062150 ,1      ,0
 062150 ,4      ,1
 062200 ,3      ,1
 062250 ,2      ,1
 062300 ,1      ,1
 062350 ,1      ,0
 062350 ,2      ,0
 062350 ,3      ,0
 062350 ,4      ,0
 062350 ,5      ,0
 062450 ,1      ,1
 062450 ,3      ,1
 062450 ,5      ,1
 062450 ,7      ,1
 062750 ,1      ,0
 062750 ,3      ,0
 062750 ,5      ,0
 062850 ,1      ,1
 062850 ,3      ,1
 062850 ,5      ,1
 062850 ,7      ,0
 062850 ,8      ,1
 063050 ,1      ,0
 063050 ,5      ,0
 063150 ,1      ,1
 063150 ,5      ,1
 063150 ,6      ,1
 063150 ,8      ,0
 063250 ,6      ,0
 063250 ,7      ,1
 063300 ,1      ,0
 063300 ,5      ,0
 063350 ,1      ,1
 063350 ,5      ,1
 063450 ,1      ,0
 063450 ,5      ,0
 063450 ,7      ,0
 063450 ,8      ,1
 063500 ,1      ,1
 063500 ,5      ,1
 063650 ,7      ,1
 063650 ,8      ,0
 063750 ,1      ,0
 063750 ,2      ,1
 063750 ,4      ,1
 063750 ,5      ,0
 064050 ,2      ,0
 064050 ,4      ,0
 064050 ,6      ,1
 064050 ,7      ,0
 064600 ,6      ,0
 064600 ,7      ,1
 064650 ,2      ,1
 064650 ,3      ,0
 064650 ,4      ,1
 064900 ,2      ,0
 064900 ,4      ,0
 065000 ,2      ,1
 065000 ,4      ,1
 065000 ,7      ,0
 065000 ,8      ,1
 065150 ,2      ,0
 065150 ,4      ,0
 065250 ,2      ,1
 065250 ,4      ,1
 065450 ,2      ,0
 065450 ,4      ,0
 065450 ,6      ,1
 065450 ,8      ,0
 065550 ,2      ,1
 065550 ,4      ,1
 065750 ,1      ,1
 065750 ,2      ,0
 065750 ,3      ,1
 065750 ,4      ,0
 065950 ,6      ,0
 065950 ,7      ,1
 066000 ,1      ,0
 066000 ,2      ,1
 066000 ,3      ,0
 066000 ,4      ,1
 066150 ,2      ,0
 066150 ,3      ,1
 066150 ,4      ,0
 066150 ,5      ,1
 066200 ,7      ,0
 066200 ,8      ,1
 066500 ,6      ,1
 066500 ,8      ,0
 066750 ,6      ,0
 066750 ,8      ,1
 066800 ,1      ,1
 066800 ,3      ,0
 067050 ,1      ,0
 067050 ,5      ,0
 067150 ,1      ,1
 067150 ,5      ,1
 067150 ,6      ,1
 067150 ,8      ,0
 067400 ,1      ,0
 067400 ,5      ,0
 067500 ,1      ,1
 067500 ,5      ,1
 067650 ,1      ,0
 067650 ,5      ,0
 067750 ,1      ,1
 067750 ,5      ,1
 067750 ,6      ,0
 067750 ,7      ,1
 067850 ,1      ,0
 067850 ,2      ,1
 067850 ,4      ,1
 067850 ,5      ,0
 068000 ,2      ,0
 068000 ,4      ,0
 068100 ,2      ,1
 068100 ,4      ,1
 068400 ,2      ,0
 068400 ,3      ,1
 068400 ,4      ,0
 068400 ,7      ,0
 068400 ,8      ,1
 068550 ,3      ,0
 068650 ,3      ,1
 068800 ,8      ,0
 068900 ,1      ,1
 068900 ,2      ,1
 068900 ,4      ,1
 068900 ,5      ,1
 068900 ,8      ,1
 068950 ,7      ,1
 069000 ,6      ,1
 069000 ,8      ,0
 069050 ,7      ,0
 069100 ,1      ,0
 069100 ,2      ,0
 069100 ,3      ,0
 069100 ,4      ,0
 069100 ,5      ,0
 069100 ,6      ,0
 069200 ,1      ,1
 069200 ,2      ,1
 069200 ,3      ,1
 069200 ,4      ,1
 069200 ,5      ,1
 069200 ,8      ,1
 069250 ,7      ,1
 069300 ,6      ,1
 069300 ,8      ,0
 069350 ,7      ,0
 069400 ,6      ,0
 069650 ,1      ,0
 069650 ,2      ,0
 069650 ,3      ,0
 069650 ,4      ,0
 069650 ,5      ,0
 069750 ,1      ,1
 069750 ,2      ,1
 069750 ,3      ,1
 069750 ,4      ,1
 069750 ,5      ,1
 069750 ,8      ,1
 069800 ,7      ,1
 069850 ,6      ,1
 069850 ,8      ,0
 069900 ,7      ,0
 069950 ,1      ,0
 069950 ,2      ,0
 069950 ,3      ,0
 069950 ,4      ,0
 069950 ,5      ,0
 069950 ,6      ,0
 070150 ,6      ,1
 070150 ,8      ,1
 070400 ,6      ,0
 070400 ,7      ,1
 070400 ,8      ,0
 070500 ,3      ,1
 070550 ,7      ,0
 070550 ,8      ,1
 070700 ,6      ,1
 070700 ,8      ,0
 070800 ,6      ,0
 070800 ,7      ,1
 071000 ,3      ,0
 071100 ,3      ,1
 071100 ,6      ,1
 071100 ,8      ,1
 071200 ,6      ,0
 071200 ,7      ,0
 071200 ,8      ,0
 071550 ,6      ,1
 071550 ,7      ,1
 071550 ,8      ,1
 071650 ,6      ,0
 071650 ,7      ,0
 071650 ,8      ,0
 071800 ,6      ,1
 071900 ,6      ,0
 071900 ,7      ,1
 072050 ,6      ,1
 072050 ,7      ,0
 072200 ,3      ,0
 072200 ,5      ,1
 072200 ,6      ,0
 072200 ,8      ,1
 072350 ,7      ,1
 072350 ,8      ,0
 072500 ,6      ,1
 072500 ,7      ,0
 072600 ,6      ,0
 072600 ,8      ,1
 072750 ,3      ,1
 072750 ,5      ,0
 072750 ,7      ,1
 072750 ,8      ,0
 072850 ,7      ,0
 072850 ,8      ,1
 073000 ,7      ,1
 073000 ,8      ,0
 073150 ,7      ,0
 073250 ,1      ,1
 073250 ,3      ,0
 073250 ,6      ,1
 073250 ,7      ,1
 073250 ,8      ,1
 073350 ,6      ,0
 073350 ,7      ,0
 073350 ,8      ,0
 073700 ,6      ,1
 073700 ,7      ,1
 073700 ,8      ,1
 073800 ,6      ,0
 073800 ,7      ,0
 073800 ,8      ,0
 073950 ,6      ,1
 074050 ,1      ,0
 074050 ,3      ,1
 074050 ,6      ,0
 074050 ,7      ,1
 074200 ,2      ,1
 074200 ,3      ,0
 074200 ,6      ,1
 074200 ,7      ,0
 074350 ,2      ,0
 074350 ,3      ,1
 074350 ,6      ,0
 074350 ,8      ,1
 074500 ,7      ,1
 074500 ,8      ,0
 074550 ,5      ,1
 074650 ,5      ,0
 074650 ,6      ,1
 074650 ,7      ,0
 074750 ,5      ,1
 074750 ,6      ,0
 074750 ,8      ,1
 074850 ,5      ,0
 074900 ,3      ,0
 074900 ,7      ,1
 074900 ,8      ,0
 074950 ,5      ,1
 075000 ,7      ,0
 075000 ,8      ,1
 075150 ,4      ,1
 075150 ,5      ,0
 075150 ,7      ,1
 075150 ,8      ,0
 075300 ,4      ,0
 075350 ,7      ,0
 075400 ,2      ,1
 075400 ,4      ,1
 075400 ,6      ,1
 075400 ,7      ,1
 075400 ,8      ,1
 075500 ,6      ,0
 075500 ,7      ,0
 075500 ,8      ,0
 075850 ,2      ,0
 075850 ,3      ,1
 075850 ,6      ,1
 075850 ,7      ,1
 075850 ,8      ,1
 075950 ,6      ,0
 075950 ,7      ,0
 075950 ,8      ,0
 076100 ,6      ,1
 076200 ,6      ,0
 076200 ,7      ,1
 076350 ,6      ,1
 076350 ,7      ,0
 076500 ,6      ,0
 076500 ,8      ,1
 076650 ,2      ,1
 076650 ,3      ,0
 076650 ,7      ,1
 076650 ,8      ,0
 076800 ,6      ,1
 076800 ,7      ,0
 076900 ,6      ,0
 076900 ,8      ,1
 077050 ,1      ,1
 077050 ,2      ,0
 077050 ,3      ,1
 077050 ,4      ,0
 077050 ,7      ,1
 077050 ,8      ,0
 077150 ,7      ,0
 077150 ,8      ,1
 077300 ,7      ,1
 077300 ,8      ,0
 077450 ,7      ,0
 077550 ,1      ,0
 077550 ,2      ,1
 077550 ,3      ,0
 077550 ,4      ,1
 077550 ,6      ,1
 077550 ,7      ,1
 077550 ,8      ,1
 077650 ,6      ,0
 077650 ,7      ,0
 077650 ,8      ,0
 078000 ,6      ,1
 078000 ,7      ,1
 078000 ,8      ,1
 078100 ,6      ,0
 078100 ,7      ,0
 078100 ,8      ,0
 078250 ,6      ,1
 078400 ,4      ,0
 078400 ,5      ,1
 078400 ,6      ,0
 078400 ,7      ,1
 078500 ,7      ,0
 078500 ,8      ,1
 078550 ,7      ,1
 078600 ,5      ,0
 078600 ,6      ,1
 078650 ,8      ,0
 078700 ,2      ,0
 078700 ,3      ,1
 078700 ,5      ,1
 078700 ,6      ,0
 078700 ,7      ,0
 078700 ,8      ,1
 078800 ,7      ,1
 078800 ,8      ,0
 079100 ,3      ,0
 079100 ,5      ,0
 079100 ,7      ,0
 079100 ,8      ,1
 079200 ,7      ,1
 079200 ,8      ,0
 079250 ,3      ,1
 079250 ,5      ,1
 079300 ,7      ,0
 079300 ,8      ,1
 079450 ,7      ,1
 079450 ,8      ,0
 079600 ,3      ,0
 079600 ,5      ,0
 079600 ,7      ,0
 079750 ,3      ,1
 079750 ,5      ,1
 079750 ,6      ,1
 079750 ,7      ,1
 079750 ,8      ,1
 079850 ,6      ,0
 079850 ,7      ,0
 079850 ,8      ,0
 080200 ,6      ,1
 080200 ,7      ,1
 080200 ,8      ,1
 080300 ,6      ,0
 080300 ,7      ,0
 080300 ,8      ,0
 080450 ,6      ,1
 080550 ,6      ,0
 080550 ,7      ,1
 080700 ,3      ,0
 080700 ,5      ,0
 080700 ,6      ,1
 080700 ,7      ,0
 080850 ,2      ,1
 080850 ,3      ,1
 080850 ,6      ,0
 080850 ,8      ,1
 081000 ,7      ,1
 081000 ,8      ,0
 081150 ,6      ,1
 081150 ,7      ,0
 081250 ,2      ,0
 081250 ,4      ,1
 081250 ,6      ,0
 081250 ,8      ,1
 081400 ,2      ,1
 081400 ,4      ,0
 081400 ,7      ,1
 081400 ,8      ,0
 081500 ,2      ,0
 081500 ,4      ,1
 081500 ,7      ,0
 081500 ,8      ,1
 081650 ,3      ,0
 081650 ,5      ,1
 081650 ,7      ,1
 081650 ,8      ,0
 081800 ,4      ,0
 081800 ,5      ,0
 081800 ,7      ,0
 081900 ,1      ,1
 081900 ,5      ,1
 081900 ,6      ,1
 081900 ,7      ,1
 081900 ,8      ,1
 082000 ,6      ,0
 082000 ,7      ,0
 082000 ,8      ,0
 082350 ,1      ,0
 082350 ,2      ,1
 082350 ,4      ,1
 082350 ,5      ,0
 082350 ,6      ,1
 082350 ,7      ,1
 082350 ,8      ,1
 082450 ,6      ,0
 082450 ,7      ,0
 082450 ,8      ,0
 082600 ,6      ,1
 082700 ,2      ,0
 082700 ,3      ,1
 082700 ,4      ,0
 082700 ,6      ,0
 082700 ,7      ,1
 082850 ,6      ,1
 082850 ,7      ,0
 083000 ,6      ,0
 083000 ,8      ,1
 083150 ,7      ,1
 083150 ,8      ,0
 083300 ,6      ,1
 083300 ,7      ,0
 083400 ,6      ,0
 083400 ,8      ,1
 083550 ,7      ,1
 083550 ,8      ,0
 083600 ,2      ,1
 083600 ,3      ,0
 083650 ,7      ,0
 083650 ,8      ,1
 083800 ,7      ,1
 083800 ,8      ,0
 083900 ,2      ,0
 084000 ,7      ,0
 084050 ,1      ,1
 084050 ,6      ,1
 084050 ,7      ,1
 084050 ,8      ,1
 084150 ,6      ,0
 084150 ,7      ,0
 084150 ,8      ,0
 084500 ,6      ,1
 084500 ,7      ,1
 084500 ,8      ,1
 084600 ,6      ,0
 084600 ,7      ,0
 084600 ,8      ,0
 084650 ,3      ,1
 084750 ,6      ,1
 084850 ,6      ,0
 084850 ,7      ,1
 085000 ,6      ,1
 085000 ,7      ,0
 085150 ,1      ,0
 085150 ,2      ,1
 085150 ,3      ,0
 085150 ,4      ,1
 085150 ,6      ,0
 085150 ,8      ,1
 085300 ,7      ,1
 085300 ,8      ,0
 085450 ,6      ,1
 085450 ,7      ,0
 085550 ,6      ,0
 085550 ,8      ,1
 085700 ,7      ,1
 085700 ,8      ,0
 085800 ,7      ,0
 085800 ,8      ,1
 085850 ,2      ,0
 085850 ,3      ,1
 085850 ,4      ,0
 085850 ,5      ,1
 085950 ,7      ,1
 085950 ,8      ,0
 086150 ,3      ,0
 086150 ,5      ,0
 086150 ,7      ,0
 086250 ,3      ,1
 086250 ,5      ,1
 086250 ,6      ,1
 086250 ,7      ,1
 086250 ,8      ,1
 086350 ,6      ,0
 086350 ,7      ,0
 086350 ,8      ,0
 086600 ,3      ,0
 086700 ,6      ,1
 086700 ,7      ,1
 086700 ,8      ,1
 086750 ,4      ,1
 086800 ,6      ,0
 086800 ,7      ,0
 086800 ,8      ,0
 086950 ,6      ,1
 087050 ,6      ,0
 087050 ,7      ,1
 087100 ,3      ,1
 087100 ,4      ,0
 087100 ,5      ,0
 087200 ,6      ,1
 087200 ,7      ,0
 087350 ,2      ,1
 087350 ,3      ,0
 087350 ,6      ,0
 087350 ,8      ,1
 087500 ,7      ,1
 087500 ,8      ,0
 087600 ,2      ,0
 087600 ,3      ,1
 087650 ,6      ,1
 087650 ,7      ,0
 087750 ,6      ,0
 087750 ,8      ,1
 087900 ,2      ,1
 087900 ,3      ,0
 087900 ,7      ,1
 087900 ,8      ,0
 088000 ,7      ,0
 088000 ,8      ,1
 088150 ,1      ,1
 088150 ,2      ,0
 088150 ,7      ,1
 088150 ,8      ,0
 088300 ,1      ,0
 088300 ,7      ,0
 088400 ,1      ,1
 088400 ,6      ,1
 088400 ,7      ,1
 088400 ,8      ,1
 088450 ,2      ,1
 088500 ,3      ,1
 088500 ,6      ,0
 088500 ,7      ,0
 088500 ,8      ,0
 088550 ,4      ,1
 088600 ,5      ,1
 088850 ,6      ,1
 088850 ,7      ,1
 088850 ,8      ,1
 088950 ,6      ,0
 088950 ,7      ,0
 088950 ,8      ,0
 089100 ,6      ,1
 089200 ,6      ,0
 089200 ,7      ,1
 089350 ,6      ,1
 089350 ,7      ,0
 089500 ,6      ,0
 089500 ,8      ,1
 089550 ,1      ,0
 089550 ,4      ,0
 089550 ,5      ,0
 089650 ,7      ,1
 089650 ,8      ,0
 089800 ,6      ,1
 089800 ,7      ,0
 089900 ,6      ,0
 089900 ,8      ,1
 090050 ,2      ,0
 090050 ,4      ,1
 090050 ,7      ,1
 090050 ,8      ,0
 090150 ,7      ,0
 090150 ,8      ,1
 090300 ,7      ,1
 090300 ,8      ,0
 090500 ,7      ,0
 090550 ,6      ,1
 090550 ,7      ,1
 090550 ,8      ,1
 090600 ,4      ,0
 090600 ,5      ,1
 090650 ,6      ,0
 090650 ,7      ,0
 090650 ,8      ,0
 091000 ,6      ,1
 091000 ,7      ,1
 091000 ,8      ,1
 091100 ,6      ,0
 091100 ,7      ,0
 091100 ,8      ,0
 091250 ,6      ,1
 091400 ,6      ,0
 091400 ,7      ,1
 091500 ,6      ,1
 091500 ,7      ,0
 091650 ,3      ,0
 091650 ,4      ,1
 091650 ,6      ,0
 091650 ,8      ,1
 091800 ,7      ,1
 091800 ,8      ,0
 091950 ,6      ,1
 091950 ,7      ,0
 092050 ,6      ,0
 092050 ,8      ,1
 092200 ,7      ,1
 092200 ,8      ,0
 092300 ,7      ,0
 092300 ,8      ,1
 092450 ,7      ,1
 092450 ,8      ,0
 092650 ,4      ,0
 092650 ,5      ,0
 092650 ,7      ,0
 092750 ,1      ,1
 092750 ,3      ,1
 092750 ,5      ,1
 092750 ,6      ,1
 092750 ,7      ,1
 092750 ,8      ,1
 092850 ,6      ,0
 092850 ,7      ,0
 092850 ,8      ,0
 093100 ,1      ,0
 093100 ,3      ,0
 093100 ,5      ,0
 093150 ,6      ,1
 093150 ,7      ,1
 093150 ,8      ,1
 093250 ,6      ,0
 093250 ,7      ,0
 093250 ,8      ,0
 093300 ,1      ,1
 093300 ,3      ,1
 093300 ,5      ,1
 093400 ,6      ,1
 093500 ,6      ,0
 093500 ,7      ,1
 093650 ,6      ,1
 093650 ,7      ,0
 093800 ,1      ,0
 093800 ,2      ,1
 093800 ,4      ,1
 093800 ,5      ,0
 093800 ,6      ,0
 093800 ,8      ,1
 093950 ,7      ,1
 093950 ,8      ,0
 094100 ,6      ,1
 094100 ,7      ,0
 094200 ,2      ,0
 094200 ,3      ,0
 094200 ,4      ,0
 094200 ,6      ,0
 094200 ,8      ,1
 094350 ,3      ,1
 094350 ,7      ,1
 094350 ,8      ,0
 094450 ,7      ,0
 094450 ,8      ,1
 094600 ,7      ,1
 094600 ,8      ,0
 094800 ,7      ,0
 094900 ,3      ,0
 094950 ,6      ,1
 094950 ,7      ,1
 094950 ,8      ,1
 095000 ,1      ,1
 095050 ,6      ,0
 095050 ,7      ,0
 095050 ,8      ,0
 095250 ,2      ,1
 095300 ,3      ,1
 095400 ,6      ,1
 095400 ,7      ,1
 095400 ,8      ,1
 095500 ,6      ,0
 095500 ,7      ,0
 095500 ,8      ,0
 095550 ,4      ,1
 095650 ,5      ,1
 095650 ,6      ,1
 095750 ,6      ,0
 095750 ,7      ,1
 095900 ,6      ,1
 095900 ,7      ,0
 095950 ,1      ,0
 095950 ,2      ,0
 095950 ,3      ,0
 095950 ,4      ,0
 095950 ,5      ,0
 096050 ,1      ,1
 096050 ,2      ,1
 096050 ,3      ,1
 096050 ,4      ,1
 096050 ,5      ,1
 096050 ,6      ,0
 096050 ,8      ,1
 096200 ,7      ,1
 096200 ,8      ,0
 096250 ,1      ,0
 096250 ,2      ,0
 096250 ,3      ,0
 096250 ,4      ,0
 096250 ,5      ,0
 096350 ,6      ,1
 096350 ,7      ,0
 096450 ,6      ,0
 096450 ,8      ,1
 096550 ,2      ,1
 096600 ,7      ,1
 096600 ,8      ,0
 096650 ,1      ,1
 096650 ,3      ,1
 096650 ,5      ,1
 096700 ,7      ,0
 096700 ,8      ,1
 096850 ,7      ,1
 096850 ,8      ,0
 097050 ,1      ,0
 097050 ,2      ,0
 097050 ,3      ,0
 097050 ,5      ,0
 097050 ,6      ,1
 097050 ,8      ,1
 097150 ,1      ,1
 097150 ,2      ,1
 097150 ,3      ,1
 097150 ,5      ,1
 097150 ,6      ,0
 097150 ,7      ,0
 097150 ,8      ,0
 097450 ,6      ,1
 097450 ,7      ,1
 097450 ,8      ,1
 097500 ,1      ,0
 097500 ,2      ,0
 097500 ,5      ,0
 097550 ,6      ,0
 097550 ,7      ,0
 097550 ,8      ,0
 097750 ,6      ,1
 097850 ,6      ,0
 097850 ,7      ,1
 098000 ,6      ,1
 098000 ,7      ,0
 098150 ,3      ,0
 098150 ,4      ,1
 098150 ,6      ,0
 098150 ,8      ,1
 098300 ,7      ,1
 098300 ,8      ,0
 098450 ,4      ,0
 098450 ,6      ,1
 098450 ,7      ,0
 098550 ,6      ,0
 098550 ,8      ,1
 098700 ,3      ,1
 098700 ,7      ,1
 098700 ,8      ,0
 098800 ,7      ,0
 098800 ,8      ,1
 098950 ,7      ,1
 098950 ,8      ,0
 099100 ,7      ,0
 099350 ,3      ,0
 099350 ,4      ,1
 099350 ,6      ,1
 099350 ,7      ,1
 099350 ,8      ,1
 099450 ,6      ,0
 099450 ,7      ,0
 099450 ,8      ,0
 099800 ,6      ,1
 099800 ,7      ,1
 099800 ,8      ,1
 099900 ,6      ,0
 099900 ,7      ,0
 099900 ,8      ,0
 100050 ,6      ,1
 100150 ,6      ,0
 100150 ,7      ,1
 100300 ,4      ,0
 100300 ,5      ,1
 100300 ,6      ,1
 100300 ,7      ,0
 100450 ,4      ,1
 100450 ,6      ,0
 100450 ,8      ,1
 100600 ,7      ,1
 100600 ,8      ,0
 100750 ,3      ,1
 100750 ,5      ,0
 100750 ,6      ,1
 100750 ,7      ,0
 100850 ,6      ,0
 100850 ,8      ,1
 100950 ,3      ,0
 100950 ,4      ,0
 101000 ,1      ,1
 101000 ,3      ,1
 101000 ,4      ,1
 101000 ,7      ,1
 101000 ,8      ,0
 101100 ,7      ,0
 101100 ,8      ,1
 101250 ,3      ,0
 101250 ,5      ,1
 101250 ,7      ,1
 101250 ,8      ,0
 101400 ,7      ,0
 101450 ,1      ,0
 101500 ,4      ,0
 101500 ,5      ,0
 101500 ,6      ,1
 101500 ,7      ,1
 101500 ,8      ,1
 101550 ,1      ,1
 101550 ,3      ,1
 101600 ,6      ,0
 101600 ,7      ,0
 101600 ,8      ,0
 101900 ,1      ,0
 101900 ,2      ,1
 101900 ,3      ,0
 101900 ,4      ,1
 101950 ,6      ,1
 101950 ,7      ,1
 101950 ,8      ,1
 102050 ,6      ,0
 102050 ,7      ,0
 102050 ,8      ,0
 102200 ,6      ,1
 102300 ,6      ,0
 102300 ,7      ,1
 102450 ,6      ,1
 102450 ,7      ,0
 102500 ,2      ,0
 102500 ,3      ,1
 102500 ,4      ,0
 102500 ,5      ,1
 102600 ,6      ,0
 102600 ,8      ,1
 102750 ,7      ,1
 102750 ,8      ,0
 102850 ,3      ,0
 102850 ,5      ,0
 102900 ,6      ,1
 102900 ,7      ,0
 103000 ,2      ,1
 103000 ,4      ,1
 103000 ,6      ,0
 103000 ,8      ,1
 103150 ,7      ,1
 103150 ,8      ,0
 103250 ,7      ,0
 103250 ,8      ,1
 103400 ,7      ,1
 103400 ,8      ,0
 103550 ,1      ,1
 103550 ,2      ,0
 103550 ,3      ,1
 103550 ,4      ,0
 103550 ,7      ,0
 103650 ,6      ,1
 103650 ,7      ,1
 103650 ,8      ,1
 103750 ,6      ,0
 103750 ,7      ,0
 103750 ,8      ,0
 104100 ,6      ,1
 104100 ,7      ,1
 104100 ,8      ,1
 104200 ,6      ,0
 104200 ,7      ,0
 104200 ,8      ,0
 104350 ,6      ,1
 104450 ,6      ,0
 104450 ,7      ,1
 104600 ,6      ,1
 104600 ,7      ,0
 104700 ,1      ,0
 104700 ,2      ,1
 104700 ,3      ,0
 104700 ,4      ,1
 104750 ,6      ,0
 104750 ,8      ,1
 104900 ,7      ,1
 104900 ,8      ,0
 105050 ,6      ,1
 105050 ,7      ,0
 105100 ,2      ,0
 105100 ,4      ,0
 105150 ,6      ,0
 105150 ,8      ,1
 105300 ,7      ,1
 105300 ,8      ,0
 105400 ,7      ,0
 105400 ,8      ,1
 105550 ,7      ,1
 105550 ,8      ,0
 105750 ,1      ,1
 105750 ,5      ,1
 105750 ,6      ,1
 105750 ,8      ,1
 106100 ,6      ,0
 106100 ,7      ,0
 106100 ,8      ,0
 106300 ,1      ,0
 106300 ,2      ,1
 106300 ,4      ,1
 106300 ,5      ,0
 106800 ,2      ,0
 106800 ,3      ,1
 106800 ,4      ,0
 106800 ,6      ,1
 106800 ,7      ,1
 107200 ,6      ,0
 107200 ,7      ,0
 107450 ,2      ,1
 107450 ,3      ,0
 107450 ,4      ,1
 107600 ,7      ,1
 107600 ,8      ,1
 107900 ,2      ,0
 107900 ,3      ,1
 107900 ,4      ,0
 107900 ,5      ,1
 107900 ,7      ,0
 107900 ,8      ,0
 108300 ,7      ,1
 108950 ,1      ,1
 108950 ,3      ,0
 108950 ,6      ,1
 108950 ,7      ,0
 108950 ,8      ,1
 109550 ,1      ,0
 109550 ,3      ,1
 109950 ,2      ,1
 109950 ,3      ,0
 109950 ,4      ,1
 109950 ,5      ,0
 110000 ,6      ,0
 110000 ,7      ,1
 110000 ,8      ,0
 110450 ,8      ,1
 110850 ,6      ,1
 110850 ,7      ,0
 110850 ,8      ,0
 111100 ,7      ,1
 111100 ,8      ,1
 111150 ,1      ,1
 111150 ,2      ,0
 111150 ,3      ,1
 111150 ,4      ,0
 111150 ,6      ,0
 111550 ,7      ,0
 112050 ,7      ,1
 112050 ,8      ,0
 112200 ,5      ,1
 112200 ,6      ,1
 112200 ,7      ,0
 112200 ,8      ,1
 112500 ,1      ,0
 112500 ,3      ,0
 112500 ,5      ,0
 112600 ,1      ,1
 112600 ,3      ,1
 112600 ,5      ,1
 112600 ,6      ,0
 112600 ,7      ,1
 112600 ,8      ,0
 112800 ,1      ,0
 112800 ,5      ,0
 112800 ,7      ,0
 112900 ,1      ,1
 112900 ,5      ,1
 113050 ,1      ,0
 113050 ,5      ,0
 113100 ,1      ,1
 113100 ,5      ,1
 113200 ,1      ,0
 113200 ,5      ,0
 113250 ,1      ,1
 113250 ,5      ,1
 113500 ,1      ,0
 113500 ,2      ,1
 113500 ,4      ,1
 113500 ,5      ,0
 113800 ,2      ,0
 113800 ,4      ,0
 114400 ,2      ,1
 114400 ,3      ,0
 114400 ,4      ,1
 114650 ,2      ,0
 114650 ,4      ,0
 114750 ,2      ,1
 114750 ,4      ,1
 114900 ,2      ,0
 114900 ,4      ,0
 115000 ,2      ,1
 115000 ,4      ,1
 115200 ,2      ,0
 115200 ,4      ,0
 115300 ,2      ,1
 115300 ,4      ,1
 115500 ,1      ,1
 115500 ,2      ,0
 115500 ,3      ,1
 115500 ,4      ,0
 115750 ,1      ,0
 115750 ,2      ,1
 115750 ,3      ,0
 115750 ,4      ,1
 115900 ,2      ,0
 115900 ,3      ,1
 115900 ,4      ,0
 115900 ,5      ,1
 116550 ,1      ,1
 116550 ,3      ,0
 116800 ,1      ,0
 116800 ,5      ,0
 116900 ,1      ,1
 116900 ,5      ,1
 117150 ,1      ,0
 117150 ,5      ,0
 117250 ,1      ,1
 117250 ,5      ,1
 117400 ,1      ,0
 117400 ,5      ,0
 117500 ,1      ,1
 117500 ,5      ,1
 117550 ,1      ,0
 117550 ,5      ,0
 117600 ,2      ,1
 117600 ,4      ,1
 117750 ,2      ,0
 117750 ,4      ,0
 117850 ,2      ,1
 117850 ,4      ,1
 118150 ,2      ,0
 118150 ,3      ,1
 118150 ,4      ,0
 118300 ,3      ,0
 118400 ,3      ,1
 118650 ,1      ,1
 118650 ,2      ,1
 118650 ,4      ,1
 118650 ,5      ,1
 118850 ,1      ,0
 118850 ,2      ,0
 118850 ,3      ,0
 118850 ,4      ,0
 118850 ,5      ,0
 118950 ,1      ,1
 118950 ,2      ,1
 118950 ,3      ,1
 118950 ,4      ,1
 118950 ,5      ,1
 119400 ,1      ,0
 119400 ,2      ,0
 119400 ,3      ,0
 119400 ,4      ,0
 119400 ,5      ,0
 119500 ,1      ,1
 119500 ,2      ,1
 119500 ,3      ,1
 119500 ,4      ,1
 119500 ,5      ,1
 119650 ,1      ,0
 119650 ,2      ,0
 119650 ,3      ,0
 119650 ,4      ,0
 119650 ,5      ,0
 119750 ,5      ,1
 119800 ,4      ,1
 119850 ,3      ,1
 119900 ,2      ,1
 119950 ,1      ,1
 120100 ,1      ,0
 120100 ,2      ,0
 120100 ,3      ,0
 120100 ,4      ,0
 120100 ,5      ,0
 120150 ,1      ,1
 120150 ,2      ,1
 120150 ,3      ,1
 120150 ,4      ,1
 120150 ,5      ,1
 120350 ,5      ,0
 120400 ,4      ,0
 120450 ,3      ,0
 120500 ,2      ,0
 120500 ,5      ,1
 120550 ,1      ,0
 120550 ,4      ,1
 120600 ,3      ,1
 120650 ,2      ,1
 120700 ,1      ,1
 120750 ,1      ,0
 120750 ,2      ,0
 120750 ,3      ,0
 120750 ,4      ,0
 120750 ,5      ,0
 120850 ,1      ,1
 120850 ,3      ,1
 120850 ,5      ,1
 120850 ,7      ,1
 121150 ,1      ,0
 121150 ,3      ,0
 121150 ,5      ,0
 121250 ,1      ,1
 121250 ,3      ,1
 121250 ,5      ,1
 121250 ,7      ,0
 121250 ,8      ,1
 121450 ,1      ,0
 121450 ,5      ,0
 121550 ,1      ,1
 121550 ,5      ,1
 121550 ,6      ,1
 121550 ,8      ,0
 121650 ,6      ,0
 121650 ,7      ,1
 121700 ,1      ,0
 121700 ,5      ,0
 121750 ,1      ,1
 121750 ,5      ,1
 121850 ,1      ,0
 121850 ,5      ,0
 121850 ,7      ,0
 121850 ,8      ,1
 121900 ,1      ,1
 121900 ,5      ,1
 122050 ,7      ,1
 122050 ,8      ,0
 122150 ,1      ,0
 122150 ,2      ,1
 122150 ,4      ,1
 122150 ,5      ,0
 122450 ,2      ,0
 122450 ,4      ,0
 122450 ,6      ,1
 122450 ,7      ,0
 123000 ,6      ,0
 123000 ,7      ,1
 123050 ,2      ,1
 123050 ,3      ,0
 123050 ,4      ,1
 123300 ,2      ,0
 123300 ,4      ,0
 123400 ,2      ,1
 123400 ,4      ,1
 123400 ,7      ,0
 123400 ,8      ,1
 123550 ,2      ,0
 123550 ,4      ,0
 123650 ,2      ,1
 123650 ,4      ,1
 123850 ,2      ,0
 123850 ,4      ,0
 123850 ,6      ,1
 123850 ,8      ,0
 123950 ,2      ,1
 123950 ,4      ,1
 124150 ,1      ,1
 124150 ,2      ,0
 124150 ,3      ,1
 124150 ,4      ,0
 124350 ,6      ,0
 124350 ,7      ,1
 124400 ,1      ,0
 124400 ,2      ,1
 124400 ,3      ,0
 124400 ,4      ,1
 124550 ,2      ,0
 124550 ,3      ,1
 124550 ,4      ,0
 124550 ,5      ,1
 124600 ,7      ,0
 124600 ,8      ,1
 124900 ,6      ,1
 124900 ,8      ,0
 125150 ,6      ,0
 125150 ,8      ,1
 125200 ,1      ,1
 125200 ,3      ,0
 125450 ,1      ,0
 125450 ,5      ,0
 125550 ,1      ,1
 125550 ,5      ,1
 125550 ,6      ,1
 125550 ,8      ,0
 125800 ,1      ,0
 125800 ,5      ,0
 125900 ,1      ,1
 125900 ,5      ,1
 126050 ,1      ,0
 126050 ,5      ,0
 126150 ,1      ,1
 126150 ,5      ,1
 126150 ,6      ,0
 126150 ,7      ,1
 126250 ,1      ,0
 126250 ,2      ,1
 126250 ,4      ,1
 126250 ,5      ,0
 126400 ,2      ,0
 126400 ,4      ,0
 126500 ,2      ,1
 126500 ,4      ,1
 126800 ,2      ,0
 126800 ,3      ,1
 126800 ,4      ,0
 126800 ,7      ,0
 126800 ,8      ,1
 126950 ,3      ,0
 127050 ,3      ,1
 127200 ,8      ,0
 127300 ,1      ,1
 127300 ,2      ,1
 127300 ,4      ,1
 127300 ,5      ,1
 127300 ,8      ,1
 127350 ,7      ,1
 127400 ,6      ,1
 127400 ,8      ,0
 127450 ,7      ,0
 127500 ,1      ,0
 127500 ,2      ,0
 127500 ,3      ,0
 127500 ,4      ,0
 127500 ,5      ,0
 127500 ,6      ,0
 127600 ,1      ,1
 127600 ,2      ,1
 127600 ,3      ,1
 127600 ,4      ,1
 127600 ,5      ,1
 127600 ,8      ,1
 127650 ,7      ,1
 127700 ,6      ,1
 127700 ,8      ,0
 127750 ,7      ,0
 127800 ,6      ,0
 128050 ,1      ,0
 128050 ,2      ,0
 128050 ,3      ,0
 128050 ,4      ,0
 128050 ,5      ,0
 128150 ,1      ,1
 128150 ,2      ,1
 128150 ,3      ,1
 128150 ,4      ,1
 128150 ,5      ,1
 128150 ,8      ,1
 128200 ,7      ,1
 128250 ,6      ,1
 128250 ,8      ,0
 128300 ,1      ,0
 128300 ,2      ,0
 128300 ,3      ,0
 128300 ,4      ,0
 128300 ,5      ,0
 128300 ,7      ,0
 128350 ,6      ,0
 128350 ,7      ,1
 128500 ,6      ,1
 128500 ,7      ,0
 128500 ,8      ,1
 128750 ,6      ,0
 128750 ,8      ,0
 128850 ,1      ,1
 128850 ,2      ,1
 128850 ,6      ,1
 128950 ,1      ,0
 128950 ,2      ,0
 128950 ,6      ,0
 129050 ,3      ,1
 129050 ,7      ,1
 129150 ,3      ,0
 129150 ,7      ,0
 129200 ,4      ,1
 129200 ,5      ,1
 129200 ,8      ,1
 129300 ,4      ,0
 129300 ,5      ,0
 129300 ,8      ,0
 129450 ,5      ,1
 129800 ,5      ,0
 129900 ,5      ,1
 130050 ,5      ,0
 130150 ,5      ,1
 130300 ,5      ,0
 130400 ,5      ,1
 130600 ,5      ,0
 131650 ,5      ,1
 131950 ,5      ,0
 132050 ,5      ,1
 132200 ,5      ,0
 132300 ,5      ,1
 132400 ,5      ,0
 132500 ,5      ,1
 132600 ,5      ,0
 132700 ,4      ,1
 132700 ,5      ,1
 133150 ,4      ,0
 133150 ,5      ,0
 133250 ,5      ,1
 133800 ,5      ,0
 133850 ,4      ,1
 133850 ,5      ,1
 134150 ,4      ,0
 134150 ,5      ,0
 134250 ,4      ,1
 134250 ,5      ,1
 134400 ,4      ,0
 134400 ,5      ,0
 134500 ,4      ,1
 134500 ,5      ,1
 134650 ,4      ,0
 134650 ,5      ,0
 134750 ,4      ,1
 134750 ,5      ,1
 134950 ,4      ,0
 134950 ,5      ,0
 136000 ,4      ,1
 136000 ,5      ,1
 136300 ,4      ,0
 136300 ,5      ,0
 136400 ,4      ,1
 136400 ,5      ,1
 136550 ,4      ,0
 136550 ,5      ,0
 136650 ,4      ,1
 136650 ,5      ,1
 136700 ,4      ,0
 136750 ,5      ,0
 136850 ,4      ,1
 136850 ,5      ,1
 136950 ,4      ,0
 136950 ,5      ,0
 137050 ,3      ,1
 137050 ,4      ,1
 137050 ,5      ,1
 137500 ,3      ,0
 137500 ,4      ,0
 137500 ,5      ,0
 137600 ,4      ,1
 137600 ,5      ,1
 138150 ,4      ,0
 138150 ,5      ,0
 138200 ,3      ,1
 138200 ,4      ,1
 138200 ,5      ,1
 138500 ,3      ,0
 138500 ,4      ,0
 138500 ,5      ,0
 138600 ,3      ,1
 138600 ,4      ,1
 138600 ,5      ,1
 138750 ,3      ,0
 138750 ,4      ,0
 138750 ,5      ,0
 138850 ,3      ,1
 138850 ,4      ,1
 138850 ,5      ,1
 139000 ,3      ,0
 139000 ,4      ,0
 139000 ,5      ,0
 139100 ,3      ,1
 139100 ,4      ,1
 139100 ,5      ,1
 139300 ,3      ,0
 139300 ,4      ,0
 139300 ,5      ,0
 140350 ,3      ,1
 140350 ,4      ,1
 140350 ,5      ,1
 140650 ,3      ,0
 140650 ,4      ,0
 140650 ,5      ,0
 140750 ,3      ,1
 140750 ,4      ,1
 140750 ,5      ,1
 140900 ,3      ,0
 140900 ,4      ,0
 140900 ,5      ,0
 141000 ,3      ,1
 141000 ,4      ,1
 141000 ,5      ,1
 141100 ,3      ,0
 141100 ,4      ,0
 141100 ,5      ,0
 141200 ,3      ,1
 141200 ,4      ,1
 141200 ,5      ,1
 141300 ,3      ,0
 141300 ,4      ,0
 141300 ,5      ,0
 141400 ,2      ,1
 141400 ,3      ,1
 141400 ,4      ,1
 141400 ,5      ,1
 141850 ,2      ,0
 141850 ,3      ,0
 141850 ,4      ,0
 141850 ,5      ,0
 141950 ,3      ,1
 141950 ,4      ,1
 141950 ,5      ,1
 142450 ,2      ,1
 142750 ,2      ,0
 142750 ,3      ,0
 142750 ,4      ,0
 142750 ,5      ,0
 142850 ,2      ,1
 142850 ,3      ,1
 142850 ,4      ,1
 142850 ,5      ,1
 143000 ,2      ,0
 143000 ,3      ,0
 143000 ,4      ,0
 143000 ,5      ,0
 143100 ,2      ,1
 143100 ,3      ,1
 143100 ,4      ,1
 143100 ,5      ,1
 143250 ,2      ,0
 143250 ,3      ,0
 143250 ,4      ,0
 143250 ,5      ,0
 143350 ,2      ,1
 143350 ,3      ,1
 143350 ,4      ,1
 143350 ,5      ,1
 143550 ,2      ,0
 143550 ,3      ,0
 143550 ,4      ,0
 143550 ,5      ,0
 144600 ,2      ,1
 144600 ,3      ,1
 144600 ,4      ,1
 144600 ,5      ,1
 144900 ,2      ,0
 144900 ,3      ,0
 144900 ,4      ,0
 144900 ,5      ,0
 145000 ,2      ,1
 145000 ,3      ,1
 145000 ,4      ,1
 145000 ,5      ,1
 145150 ,2      ,0
 145150 ,3      ,0
 145150 ,4      ,0
 145150 ,5      ,0
 145250 ,2      ,1
 145250 ,3      ,1
 145250 ,4      ,1
 145250 ,5      ,1
 145350 ,2      ,0
 145350 ,3      ,0
 145350 ,4      ,0
 145350 ,5      ,0
 145450 ,2      ,1
 145450 ,3      ,1
 145450 ,4      ,1
 145450 ,5      ,1
 145550 ,2      ,0
 145550 ,3      ,0
 145550 ,4      ,0
 145550 ,5      ,0
 145650 ,1      ,1
 145650 ,2      ,1
 145650 ,3      ,1
 145650 ,4      ,1
 145650 ,5      ,1
 146100 ,1      ,0
 146100 ,2      ,0
 146100 ,3      ,0
 146100 ,4      ,0
 146100 ,5      ,0
 146200 ,2      ,1
 146200 ,3      ,1
 146200 ,4      ,1
 146200 ,5      ,1
 146750 ,2      ,0
 146750 ,3      ,0
 146750 ,4      ,0
 146750 ,5      ,0
 146800 ,6      ,1
 146800 ,7      ,1
 146800 ,8      ,1
 147150 ,1      ,1
 147150 ,6      ,0
 147150 ,7      ,0
 147150 ,8      ,0
 147250 ,1      ,0
 147250 ,2      ,1
 147250 ,6      ,1
 147250 ,7      ,1
 147250 ,8      ,1
 147350 ,2      ,0
 147400 ,6      ,0
 147400 ,7      ,0
 147400 ,8      ,0
 147450 ,2      ,1
 147500 ,6      ,1
 147500 ,7      ,1
 147500 ,8      ,1
 147550 ,2      ,0
 147550 ,3      ,1
 147650 ,3      ,0
 147650 ,6      ,0
 147650 ,7      ,0
 147650 ,8      ,0
 147750 ,6      ,1
 147750 ,7      ,1
 147750 ,8      ,1
 147950 ,6      ,0
 147950 ,7      ,0
 147950 ,8      ,0
 149000 ,6      ,1
 149000 ,7      ,1
 149000 ,8      ,1
 149300 ,2      ,1
 149300 ,6      ,0
 149300 ,7      ,0
 149300 ,8      ,0
 149400 ,2      ,0
 149400 ,3      ,1
 149400 ,6      ,1
 149400 ,7      ,1
 149400 ,8      ,1
 149500 ,3      ,0
 149550 ,6      ,0
 149550 ,7      ,0
 149550 ,8      ,0
 149650 ,2      ,1
 149650 ,6      ,1
 149650 ,7      ,1
 149650 ,8      ,1
 149750 ,2      ,0
 149750 ,3      ,1
 149750 ,6      ,0
 149750 ,7      ,0
 149750 ,8      ,0
 149850 ,3      ,0
 149850 ,6      ,1
 149850 ,7      ,1
 149850 ,8      ,1
 149950 ,6      ,0
 149950 ,7      ,0
 149950 ,8      ,0
 150050 ,6      ,1
 150050 ,8      ,1
 150600 ,6      ,0
 150600 ,7      ,1
 150600 ,8      ,0
 151200 ,6      ,1
 151200 ,8      ,1
 151350 ,1      ,1
 151350 ,6      ,0
 151350 ,7      ,0
 151350 ,8      ,0
 151450 ,1      ,0
 151450 ,2      ,1
 151450 ,6      ,1
 151450 ,7      ,1
 151450 ,8      ,1
 151550 ,2      ,0
 151600 ,6      ,0
 151600 ,7      ,0
 151600 ,8      ,0
 151700 ,6      ,1
 151700 ,7      ,1
 151700 ,8      ,1
 151850 ,2      ,1
 151850 ,6      ,0
 151850 ,7      ,0
 151850 ,8      ,0
 151950 ,2      ,0
 151950 ,3      ,1
 151950 ,6      ,1
 151950 ,7      ,1
 151950 ,8      ,1
 152050 ,3      ,0
 152150 ,6      ,0
 152150 ,7      ,0
 152150 ,8      ,0
 153200 ,6      ,1
 153200 ,7      ,1
 153200 ,8      ,1
 153500 ,3      ,1
 153500 ,6      ,0
 153500 ,7      ,0
 153500 ,8      ,0
 153600 ,2      ,1
 153600 ,3      ,0
 153600 ,6      ,1
 153600 ,7      ,1
 153600 ,8      ,1
 153700 ,2      ,0
 153750 ,6      ,0
 153750 ,7      ,0
 153750 ,8      ,0
 153850 ,6      ,1
 153850 ,7      ,1
 153850 ,8      ,1
 153950 ,3      ,1
 153950 ,6      ,0
 153950 ,7      ,0
 153950 ,8      ,0
 154050 ,2      ,1
 154050 ,3      ,0
 154050 ,6      ,1
 154050 ,7      ,1
 154050 ,8      ,1
 154150 ,2      ,0
 154150 ,6      ,0
 154150 ,7      ,0
 154150 ,8      ,0
 154250 ,6      ,1
 154250 ,7      ,1
 154800 ,6      ,0
 154800 ,7      ,0
 154800 ,8      ,1
 155500 ,6      ,1
 155500 ,7      ,1
 155750 ,1      ,1
 155750 ,6      ,0
 155750 ,7      ,0
 155750 ,8      ,0
 155850 ,1      ,0
 155850 ,2      ,1
 155850 ,6      ,1
 155850 ,7      ,1
 155850 ,8      ,1
 155950 ,2      ,0
 156000 ,6      ,0
 156000 ,7      ,0
 156000 ,8      ,0
 156100 ,2      ,1
 156100 ,6      ,1
 156100 ,7      ,1
 156100 ,8      ,1
 156200 ,2      ,0
 156200 ,3      ,1
 156250 ,6      ,0
 156250 ,7      ,0
 156250 ,8      ,0
 156300 ,3      ,0
 156350 ,6      ,1
 156350 ,7      ,1
 156350 ,8      ,1
 156550 ,6      ,0
 156550 ,7      ,0
 156550 ,8      ,0
 157600 ,6      ,1
 157600 ,7      ,1
 157600 ,8      ,1
 157900 ,3      ,1
 157900 ,6      ,0
 157900 ,7      ,0
 157900 ,8      ,0
 158000 ,2      ,1
 158000 ,3      ,0
 158000 ,6      ,1
 158000 ,7      ,1
 158000 ,8      ,1
 158100 ,2      ,0
 158150 ,6      ,0
 158150 ,7      ,0
 158150 ,8      ,0
 158250 ,3      ,1
 158250 ,6      ,1
 158250 ,7      ,1
 158250 ,8      ,1
 158350 ,2      ,1
 158350 ,3      ,0
 158350 ,6      ,0
 158350 ,7      ,0
 158350 ,8      ,0
 158450 ,2      ,0
 158450 ,6      ,1
 158450 ,7      ,1
 158450 ,8      ,1
 158550 ,6      ,0
 158550 ,7      ,0
 158550 ,8      ,0
 158650 ,7      ,1
 158650 ,8      ,1
 159200 ,8      ,0
 159850 ,6      ,1
 159850 ,8      ,1
 160100 ,1      ,1
 160100 ,6      ,0
 160100 ,7      ,0
 160100 ,8      ,0
 160200 ,1      ,0
 160200 ,2      ,1
 160200 ,6      ,1
 160200 ,7      ,1
 160200 ,8      ,1
 160300 ,2      ,0
 160350 ,6      ,0
 160350 ,7      ,0
 160350 ,8      ,0
 160450 ,2      ,1
 160450 ,6      ,1
 160450 ,7      ,1
 160450 ,8      ,1
 160550 ,2      ,0
 160550 ,3      ,1
 160600 ,6      ,0
 160600 ,7      ,0
 160600 ,8      ,0
 160650 ,3      ,0
 160700 ,6      ,1
 160700 ,7      ,1
 160700 ,8      ,1
 160900 ,6      ,0
 160900 ,7      ,0
 160900 ,8      ,0
 161950 ,6      ,1
 161950 ,7      ,1
 161950 ,8      ,1
 162250 ,3      ,1
 162250 ,6      ,0
 162250 ,7      ,0
 162250 ,8      ,0
 162350 ,2      ,1
 162350 ,3      ,0
 162350 ,6      ,1
 162350 ,7      ,1
 162350 ,8      ,1
 162450 ,2      ,0
 162500 ,6      ,0
 162500 ,7      ,0
 162500 ,8      ,0
 162600 ,3      ,1
 162600 ,6      ,1
 162600 ,7      ,1
 162600 ,8      ,1
 162700 ,2      ,1
 162700 ,3      ,0
 162700 ,6      ,0
 162700 ,7      ,0
 162700 ,8      ,0
 162800 ,2      ,0
 162800 ,6      ,1
 162800 ,7      ,1
 162800 ,8      ,1
 162900 ,6      ,0
 162900 ,7      ,0
 162900 ,8      ,0
 163000 ,6      ,1
 163000 ,7      ,1
 163450 ,6      ,0
 163450 ,7      ,0
 163550 ,2      ,1
 163550 ,3      ,1
 163550 ,4      ,1
 163550 ,7      ,1
 164050 ,1      ,1
 164050 ,2      ,0
 164050 ,3      ,0
 164050 ,4      ,0
 164050 ,5      ,1
 164050 ,6      ,1
 166000 ,2      ,1
 166000 ,3      ,1
 166000 ,4      ,1
 166000 ,8      ,1
 166250 ,1      ,0
 166250 ,5      ,0
 166250 ,6      ,0
 166250 ,8      ,0
 167850 ,1      ,1
 167850 ,5      ,1
 167850 ,6      ,1
 167850 ,8      ,1
 168100 ,5      ,0
 168150 ,4      ,0
 168200 ,3      ,0
 168200 ,5      ,1
 168250 ,2      ,0
 168250 ,4      ,1
 168300 ,1      ,0
 168300 ,3      ,1
 168350 ,2      ,1
 168400 ,1      ,1
 168400 ,2      ,0
 168400 ,4      ,0
 168400 ,6      ,0
 168400 ,8      ,0
 170250 ,2      ,1
 170250 ,4      ,1
 170250 ,6      ,1
 170250 ,8      ,1
 170550 ,1      ,0
 170550 ,3      ,0
 170550 ,5      ,0
 170550 ,6      ,0
 170550 ,8      ,0
 170950 ,1      ,1
 170950 ,2      ,0
 170950 ,3      ,1
 170950 ,4      ,0
 170950 ,5      ,1
 170950 ,7      ,0
 170950 ,8      ,1
 171400 ,3      ,0
 171400 ,5      ,0
 171400 ,7      ,1
 171400 ,8      ,0
 171450 ,2      ,1
 171500 ,3      ,1
 171550 ,4      ,1
 171600 ,5      ,1
 171850 ,5      ,0
 171900 ,4      ,0
 171950 ,3      ,0
 171950 ,5      ,1
 172000 ,2      ,0
 172000 ,4      ,1
 172000 ,5      ,0
 172050 ,1      ,0
 172050 ,3      ,1
 172050 ,4      ,0
 172100 ,2      ,1
 172100 ,3      ,0
 172150 ,1      ,1
 172150 ,2      ,0
 172200 ,3      ,1
 172200 ,7      ,0
 172200 ,8      ,1
 172700 ,1      ,0
 172700 ,3      ,0
 172700 ,6      ,1
 172750 ,5      ,1
 172800 ,4      ,1
 172850 ,3      ,1
 172900 ,2      ,1
 172900 ,5      ,0
 172950 ,1      ,1
 172950 ,4      ,0
 173000 ,3      ,0
 173000 ,4      ,1
 173000 ,6      ,0
 173000 ,8      ,0
 173050 ,2      ,0
 173100 ,4      ,0
 173100 ,5      ,1
 173100 ,6      ,1
 173100 ,8      ,1
 173200 ,5      ,0
 173300 ,6      ,0
 173400 ,4      ,1
 173400 ,6      ,1
 173500 ,4      ,0
 173500 ,5      ,1
 173550 ,6      ,0
 173600 ,5      ,0
 173600 ,6      ,1
 173700 ,6      ,0
 173750 ,6      ,1
 173750 ,7      ,1
 173800 ,1      ,0
 173800 ,5      ,1
 174000 ,6      ,0
 174300 ,7      ,0
 174350 ,4      ,1
 174350 ,5      ,0
 174900 ,6      ,1
 174900 ,7      ,1
 174900 ,8      ,0
 174950 ,3      ,1
 174950 ,4      ,0
 175150 ,6      ,0
 175150 ,7      ,0
 175200 ,1      ,1
 175250 ,7      ,1
 175250 ,8      ,1
 175300 ,1      ,0
 175300 ,2      ,1
 175400 ,2      ,0
 175400 ,7      ,0
 175400 ,8      ,0
 175500 ,6      ,1
 175500 ,7      ,1
 175650 ,2      ,1
 175650 ,3      ,0
 175650 ,4      ,1
 175700 ,6      ,0
 175700 ,7      ,0
 175750 ,4      ,0
 175750 ,5      ,1
 175800 ,7      ,1
 175850 ,5      ,0
 176000 ,6      ,1
 176000 ,7      ,0
 176000 ,8      ,1
 176050 ,2      ,0
 176050 ,5      ,1
 176250 ,6      ,0
 176250 ,7      ,1
 176250 ,8      ,0
 176400 ,7      ,0
 176400 ,8      ,1
 177050 ,1      ,1
 177050 ,5      ,0
 177050 ,6      ,1
 177050 ,8      ,0
 177300 ,4      ,1
 177300 ,6      ,0
 177400 ,4      ,0
 177400 ,5      ,1
 177400 ,6      ,1
 177500 ,5      ,0
 177600 ,1      ,0
 177600 ,3      ,1
 177650 ,6      ,0
 177750 ,2      ,1
 177750 ,6      ,1
 177850 ,1      ,1
 177850 ,2      ,0
 177900 ,6      ,0
 177950 ,1      ,0
 178000 ,6      ,1
 178050 ,6      ,0
 178100 ,7      ,1
 178100 ,8      ,1
 178150 ,2      ,1
 178150 ,3      ,0
 178250 ,7      ,0
 178250 ,8      ,0
 178350 ,6      ,1
 178350 ,7      ,1
 178650 ,1      ,1
 178650 ,2      ,0
 178650 ,6      ,0
 178650 ,7      ,0
 178650 ,8      ,1
 178800 ,8      ,0
 178900 ,8      ,1
 179150 ,6      ,1
 179150 ,7      ,1
 179200 ,1      ,0
 179250 ,3      ,1
 179350 ,6      ,0
 179350 ,7      ,0
 179350 ,8      ,0
 179450 ,6      ,1
 179450 ,7      ,1
 179450 ,8      ,1
 179500 ,1      ,1
 179600 ,1      ,0
 179600 ,2      ,1
 179700 ,2      ,0
 179900 ,6      ,0
 179900 ,7      ,0
 179900 ,8      ,0
 179950 ,5      ,1
 180000 ,6      ,1
 180000 ,7      ,1
 180000 ,8      ,1
 180050 ,4      ,1
 180050 ,5      ,0
 180150 ,4      ,0
 180150 ,6      ,0
 180150 ,7      ,0
 180150 ,8      ,0
 180250 ,2      ,1
 180250 ,4      ,1
 180300 ,1      ,1
 180300 ,3      ,0
 180300 ,5      ,1
 180350 ,2      ,0
 180350 ,4      ,0
 180350 ,8      ,1
 180400 ,1      ,0
 180400 ,5      ,0
 180400 ,7      ,1
 180450 ,6      ,1
 180600 ,3      ,1
 180600 ,6      ,0
 180600 ,7      ,0
 180600 ,8      ,0
 180650 ,2      ,1
 180650 ,4      ,1
 180650 ,6      ,1
 180650 ,7      ,1
 180650 ,8      ,1
 180700 ,1      ,1
 180700 ,3      ,0
 180700 ,5      ,1
 180750 ,2      ,0
 180750 ,4      ,0
 180850 ,1      ,0
 180850 ,5      ,0
 180900 ,1      ,1
 180900 ,2      ,1
 180900 ,3      ,1
 180900 ,4      ,1
 180900 ,5      ,1
 180950 ,8      ,0
 181000 ,5      ,0
 181000 ,7      ,0
 181050 ,4      ,0
 181050 ,6      ,0
 181100 ,3      ,0
 181100 ,5      ,1
 181100 ,8      ,1
 181150 ,2      ,0
 181150 ,4      ,1
 181150 ,7      ,1
 181200 ,1      ,0
 181200 ,3      ,1
 181200 ,6      ,1
 181250 ,2      ,1
 181250 ,6      ,0
 181250 ,7      ,0
 181250 ,8      ,0
 181300 ,1      ,1
 181350 ,4      ,0
 181350 ,5      ,0
 181350 ,6      ,1
 181350 ,8      ,1
 181650 ,6      ,0
 181650 ,8      ,0
 181750 ,6      ,1
 181750 ,8      ,1
 181950 ,6      ,0
 182050 ,6      ,1
 182200 ,6      ,0
 182250 ,6      ,1
 182350 ,6      ,0
 182400 ,6      ,1
 182500 ,1      ,0
 182500 ,4      ,1
 182650 ,6      ,0
 182650 ,7      ,1
 182950 ,7      ,0
 183000 ,2      ,0
 183000 ,5      ,1
 183550 ,2      ,1
 183550 ,5      ,0
 183550 ,6      ,1
 183550 ,7      ,1
 183550 ,8      ,0
 183800 ,6      ,0
 183800 ,7      ,0
 183900 ,7      ,1
 183900 ,8      ,1
 184050 ,7      ,0
 184050 ,8      ,0
 184150 ,6      ,1
 184150 ,7      ,1
 184350 ,6      ,0
 184350 ,7      ,0
 184450 ,7      ,1
 184450 ,8      ,1
 184650 ,1      ,1
 184650 ,2      ,0
 184650 ,3      ,0
 184650 ,4      ,0
 184650 ,6      ,1
 184650 ,7      ,0
 184700 ,2      ,1
 184750 ,1      ,0
 184750 ,3      ,1
 184800 ,2      ,0
 184800 ,4      ,1
 184850 ,5      ,1
 184900 ,4      ,0
 184900 ,7      ,1
 184900 ,8      ,0
 185050 ,6      ,0
 185050 ,7      ,0
 185050 ,8      ,1
 185700 ,1      ,1
 185700 ,2      ,1
 185700 ,4      ,1
 185700 ,6      ,1
 185700 ,7      ,1
 185800 ,2      ,0
 185800 ,3      ,0
 185800 ,4      ,0
 185800 ,6      ,0
 185800 ,8      ,0
 186100 ,7      ,0
 186100 ,8      ,1
 186250 ,1      ,0
 186250 ,2      ,1
 186250 ,4      ,1
 186250 ,5      ,0
 186250 ,6      ,1
 186250 ,8      ,0
 186500 ,6      ,0
 186500 ,7      ,1
 186750 ,2      ,0
 186750 ,3      ,1
 186750 ,4      ,0
 186850 ,6      ,1
 186850 ,7      ,0
 187050 ,6      ,0
 187050 ,8      ,1
 187150 ,6      ,1
 187150 ,8      ,0
 187300 ,2      ,1
 187300 ,4      ,1
 187350 ,3      ,0
 187850 ,7      ,1
 187900 ,1      ,1
 187900 ,2      ,0
 187900 ,4      ,0
 187950 ,2      ,1
 188000 ,3      ,1
 188050 ,4      ,1
 188100 ,5      ,1
 188200 ,1      ,0
 188200 ,2      ,0
 188200 ,3      ,0
 188200 ,4      ,0
 188200 ,5      ,0
 188250 ,8      ,1
 188300 ,1      ,1
 188350 ,2      ,1
 188400 ,3      ,1
 188400 ,7      ,0
 188400 ,8      ,0
 188450 ,4      ,1
 188500 ,5      ,1
 188500 ,6      ,0
 188500 ,7      ,1
 188550 ,1      ,0
 188550 ,2      ,0
 188550 ,3      ,0
 188550 ,4      ,0
 188550 ,5      ,0
 188650 ,2      ,1
 188650 ,3      ,1
 188650 ,4      ,1
 188650 ,5      ,1
 188650 ,7      ,0
 188650 ,8      ,1
 188700 ,2      ,0
 188750 ,1      ,1
 188750 ,3      ,0
 188800 ,2      ,1
 188800 ,4      ,0
 188850 ,3      ,1
 188850 ,5      ,0
 188900 ,4      ,1
 188950 ,5      ,1
 188950 ,7      ,1
 188950 ,8      ,0
 189050 ,6      ,1
 189050 ,7      ,0
 189350 ,1      ,0
 189350 ,2      ,0
 189350 ,3      ,0
 189350 ,4      ,0
 189350 ,5      ,0
 189350 ,6      ,0
 189400 ,3      ,1
 189900 ,3      ,0
 190000 ,1      ,1
 190000 ,3      ,1
 190000 ,5      ,1
 190000 ,6      ,1
 190000 ,8      ,1
 190400 ,3      ,0
 190500 ,4      ,1
 191150 ,3      ,1
 191150 ,4      ,0
 191550 ,5      ,0
 191700 ,2      ,1
 191700 ,3      ,0
 192200 ,2      ,0
 192200 ,3      ,1
 193400 ,1      ,0
 193400 ,3      ,0
 193400 ,4      ,1
 193450 ,1      ,1
 193450 ,5      ,1
 193450 ,6      ,0
 193450 ,7      ,1
 193650 ,1      ,0
 193650 ,3      ,1
 193650 ,4      ,0
 193650 ,5      ,0
 193650 ,6      ,1
 193650 ,7      ,0
 193650 ,8      ,0
 193950 ,1      ,1
 193950 ,2      ,1
 193950 ,3      ,0
 193950 ,5      ,1
 193950 ,8      ,1
 194200 ,1      ,0
 194200 ,3      ,1
 194200 ,5      ,0
 194200 ,6      ,0
 194200 ,7      ,1
 194200 ,8      ,0
 194300 ,2      ,0
 194400 ,2      ,1
 194400 ,3      ,0
 194400 ,7      ,0
 194400 ,8      ,1
 194850 ,2      ,0
 194850 ,3      ,1
 194850 ,7      ,1
 194850 ,8      ,0
 195450 ,2      ,1
 195450 ,3      ,0
 195450 ,6      ,1
 195450 ,7      ,0
 196000 ,2      ,0
 196000 ,5      ,1
 196000 ,6      ,0
 196050 ,4      ,1
 196100 ,3      ,1
 196100 ,5      ,0
 196150 ,2      ,1
 196150 ,4      ,0
 196200 ,1      ,1
 196250 ,2      ,0
 196300 ,1      ,0
 196550 ,4      ,1
 197150 ,2      ,1
 197150 ,3      ,0
 197350 ,1      ,1
 197350 ,2      ,0
 197700 ,1      ,0
 197700 ,3      ,1
 197700 ,4      ,0
 197700 ,5      ,1
 198150 ,1      ,1
 198150 ,2      ,1
 198150 ,4      ,1
 198200 ,2      ,0
 198200 ,4      ,0
 198700 ,3      ,0
 198700 ,5      ,0
 199300 ,1      ,0
 199300 ,2      ,1
 199850 ,2      ,0
 199850 ,3      ,1
 200400 ,3      ,0
 200400 ,4      ,1
 200850 ,4      ,0
 200850 ,5      ,1
 202050 ,3      ,1
 202500 ,2      ,1
 202500 ,4      ,1
 202950 ,6      ,1
 203000 ,1      ,1
 203000 ,2      ,0
 203000 ,3      ,0
 203000 ,4      ,0
 203000 ,5      ,0
 203400 ,6      ,0
 203400 ,7      ,1
 204100 ,4      ,1
 204100 ,7      ,0
 204100 ,8      ,1
 204150 ,3      ,1
 204150 ,7      ,1
 204200 ,2      ,1
 204200 ,4      ,0
 204200 ,6      ,1
 204200 ,8      ,0
 204250 ,3      ,0
 204250 ,7      ,0
 204500 ,6      ,0
 204500 ,8      ,1
 205150 ,7      ,1
 205150 ,8      ,0
 205200 ,3      ,1
 205400 ,6      ,1
 205400 ,7      ,0
 205650 ,6      ,0
 205650 ,8      ,1
 205950 ,6      ,1
 205950 ,8      ,0
 206100 ,6      ,0
 206100 ,8      ,1
 206150 ,7      ,1
 206200 ,6      ,1
 206250 ,8      ,0
 206300 ,7      ,0
 206700 ,1      ,0
 206700 ,2      ,0
 206700 ,3      ,0
 206700 ,6      ,0
 206800 ,1      ,1
 207300 ,1      ,0
 207350 ,1      ,1
 207350 ,6      ,1
 207400 ,2      ,1
 207450 ,3      ,1
 207500 ,4      ,1
 207550 ,5      ,1
 207650 ,2      ,0
 207700 ,6      ,0
 207700 ,7      ,1
 207750 ,2      ,1
 207750 ,3      ,0
 207850 ,3      ,1
 207850 ,7      ,0
 207850 ,8      ,1
 208000 ,3      ,0
 208100 ,3      ,1
 208100 ,4      ,0
 208100 ,7      ,1
 208100 ,8      ,0
 208200 ,4      ,1
 208250 ,6      ,1
 208250 ,7      ,0
 208500 ,6      ,0
 208500 ,7      ,1
 208650 ,7      ,0
 208650 ,8      ,1
 208750 ,6      ,1
 208750 ,8      ,0
 208950 ,6      ,0
 208950 ,7      ,1
 209450 ,6      ,1
 209450 ,7      ,0
 209750 ,4      ,0
 209850 ,3      ,0
 209850 ,4      ,1
 209850 ,6      ,0
 209850 ,8      ,1
 209950 ,3      ,1
 210150 ,3      ,0
 210150 ,7      ,1
 210150 ,8      ,0
 210250 ,2      ,0
 210250 ,3      ,1
 210300 ,6      ,1
 210300 ,7      ,0
 210350 ,2      ,1
 210700 ,6      ,0
 210700 ,7      ,1
 210950 ,7      ,0
 210950 ,8      ,1
 211050 ,6      ,1
 211050 ,8      ,0
 211600 ,6      ,0
 211600 ,7      ,1
 211900 ,3      ,0
 212000 ,3      ,1
 212000 ,4      ,0
 212050 ,7      ,0
 212050 ,8      ,1
 212100 ,4      ,1
 212150 ,6      ,1
 212150 ,8      ,0
 212250 ,6      ,0
 212250 ,7      ,1
 212400 ,4      ,0
 212450 ,7      ,0
 212450 ,8      ,1
 212500 ,3      ,0
 212500 ,4      ,1
 212600 ,3      ,1
 212850 ,6      ,1
 212850 ,7      ,1
 212850 ,8      ,0
 213000 ,6      ,0
 213150 ,7      ,0
 213150 ,8      ,1
 213250 ,7      ,1
 213250 ,8      ,0
 213400 ,1      ,0
 213400 ,2      ,0
 213400 ,3      ,0
 213400 ,4      ,0
 213400 ,5      ,0
 213500 ,3      ,1
 213550 ,7      ,0
 213550 ,8      ,1
 213650 ,6      ,1
 213650 ,8      ,0
 213800 ,6      ,0
 213800 ,7      ,1
 213850 ,2      ,1
 213850 ,4      ,1
 214000 ,2      ,0
 214000 ,3      ,0
 214000 ,4      ,0
 214050 ,7      ,0
 214050 ,8      ,1
 214200 ,1      ,1
 214200 ,2      ,1
 214200 ,3      ,1
 214200 ,4      ,1
 214200 ,5      ,1
 214200 ,6      ,1
 214200 ,8      ,0
 214350 ,1      ,0
 214350 ,2      ,0
 214350 ,3      ,0
 214350 ,4      ,0
 214350 ,5      ,0
 214450 ,6      ,0
 214450 ,7      ,1
 214700 ,1      ,1
 214700 ,2      ,1
 214700 ,3      ,1
 214700 ,4      ,1
 214700 ,5      ,1
 214700 ,6      ,1
 214700 ,8      ,1
 215000 ,1      ,0
 215000 ,2      ,0
 215000 ,3      ,0
 215000 ,4      ,0
 215000 ,5      ,0
 215000 ,6      ,0
 215000 ,7      ,0
 215000 ,8      ,0
 241650 ,1      ,0
 241650 ,2      ,0
 241650 ,3      ,0
 241650 ,4      ,0
 241650 ,5      ,0
 241650 ,6      ,0
 241650 ,7      ,0
 241650 ,8      ,0
 241680 ,END     ,1