TIME(MS),COMMAND,VALUE
 002000 ,5      ,1
 002050 ,4      ,1
 002050 ,6      ,1
 002050 ,7      ,1
 002050 ,8      ,1
 002100 ,3      ,1
 002150 ,2      ,1
 002200 ,1      ,1
 002850 ,1      ,0
 002850 ,2      ,0
 002850 ,3      ,0
 002850 ,4      ,0
 002850 ,5      ,0
 002850 ,6      ,0
 002850 ,7      ,0
 002850 ,8      ,0
 002900 ,1      ,1
 002900 ,2      ,1
 002900 ,7      ,1
 003550 ,1      ,0
 003550 ,2      ,0
 003550 ,4      ,1
 003550 ,5      ,1
 003550 ,7      ,0
 003550 ,8      ,1
 003650 ,2      ,1
 003650 ,3      ,1
 003650 ,6      ,1
 003650 ,8      ,0
 003850 ,1      ,1
 003850 ,6      ,0
 003850 ,7      ,1
 004150 ,2      ,0
 004150 ,3      ,0
 004150 ,4      ,0
 004150 ,5      ,0
 004350 ,1      ,0
 004350 ,7      ,0
 004450 ,1      ,1
 004450 ,2      ,1
 004450 ,3      ,1
 004450 ,4      ,1
 004450 ,5      ,1
 004450 ,6      ,1
 004450 ,7      ,1
 004450 ,8      ,1
 004650 ,1      ,0
 004650 ,2      ,0
 004650 ,3      ,0
 004650 ,4      ,0
 004650 ,5      ,0
 004650 ,6      ,0
 004650 ,7      ,0
 004650 ,8      ,0
 005300 ,1      ,1
 005300 ,2      ,1
 005300 ,3      ,1
 005300 ,4      ,1
 005300 ,5      ,1
 005550 ,1      ,0
 005550 ,2      ,0
 005550 ,3      ,0
 005550 ,4      ,0
 005550 ,5      ,0
 005700 ,1      ,1
 005700 ,2      ,1
 005700 ,3      ,1
 005700 ,4      ,1
 005700 ,5      ,1
 005700 ,6      ,1
 005700 ,7      ,1
 005700 ,8      ,1
 005850 ,1      ,0
 005850 ,2      ,0
 005850 ,3      ,0
 005850 ,4      ,0
 005850 ,5      ,0
 005850 ,6      ,0
 005850 ,7      ,0
 005850 ,8      ,0
 006100 ,1      ,1
 006100 ,2      ,1
 006100 ,3      ,1
 006100 ,4      ,1
 006100 ,5      ,1
 006100 ,6      ,1
 006100 ,7      ,1
 006100 ,8      ,1
 006550 ,1      ,0
 006550 ,2      ,0
 006550 ,3      ,0
 006550 ,4      ,0
 006550 ,5      ,0
 006550 ,6      ,0
 006550 ,7      ,0
 006550 ,8      ,0
 006600 ,1      ,1
 006650 ,2      ,1
 006700 ,3      ,1
 006750 ,4      ,1
 006800 ,5      ,1
 006850 ,1      ,0
 006850 ,2      ,0
 006850 ,3      ,0
 006850 ,4      ,0
 006850 ,5      ,0
 006900 ,1      ,1
 006900 ,2      ,1
 006900 ,3      ,1
 006900 ,4      ,1
 006900 ,5      ,1
 006900 ,6      ,1
 006900 ,7      ,1
 006900 ,8      ,1
 007700 ,1      ,0
 007700 ,2      ,0
 007700 ,3      ,0
 007700 ,4      ,0
 007700 ,5      ,0
 007700 ,6      ,0
 007700 ,7      ,0
 007700 ,8      ,0
 008500 ,6      ,1
 008500 ,7      ,1
 008500 ,8      ,1
 008900 ,1      ,1
 008900 ,3      ,1
 009100 ,1      ,0
 009100 ,3      ,0
 009100 ,6      ,0
 009100 ,7      ,0
 009100 ,8      ,0
 009300 ,1      ,1
 009300 ,3      ,1
 009300 ,6      ,1
 009850 ,1      ,0
 009850 ,3      ,0
 009850 ,6      ,0
 009950 ,1      ,1
 009950 ,3      ,1
 009950 ,7      ,1
 010050 ,1      ,0
 010050 ,3      ,0
 010050 ,7      ,0
 010100 ,1      ,1
 010100 ,3      ,1
 010100 ,6      ,1
 010300 ,1      ,0
 010300 ,2      ,1
 010300 ,3      ,0
 010300 ,4      ,1
 010300 ,6      ,0
 010300 ,8      ,1
 010600 ,2      ,0
 010600 ,4      ,0
 010600 ,8      ,0
 010700 ,2      ,1
 010700 ,4      ,1
 010700 ,6      ,1
 011350 ,2      ,0
 011350 ,3      ,1
 011350 ,4      ,0
 011350 ,5      ,1
 011350 ,6      ,0
 011350 ,7      ,1
 011700 ,1      ,1
 011700 ,5      ,0
 011700 ,6      ,1
 011700 ,7      ,0
 012100 ,3      ,0
 012100 ,6      ,0
 012100 ,7      ,1
 012150 ,2      ,1
 012150 ,8      ,1
 012200 ,3      ,1
 012200 ,6      ,1
 012250 ,4      ,1
 012300 ,5      ,1
 012300 ,6      ,0
 012300 ,7      ,0
 012550 ,6      ,1
 012550 ,7      ,1
 013350 ,1      ,0
 013350 ,2      ,0
 013350 ,3      ,0
 013350 ,4      ,0
 013350 ,5      ,0
 013350 ,6      ,0
 013350 ,7      ,0
 013350 ,8      ,0
 013500 ,6      ,1
 013700 ,6      ,0
 013700 ,7      ,1
 013950 ,7      ,0
 013950 ,8      ,1
 014150 ,6      ,1
 014150 ,8      ,0
 014350 ,6      ,0
 014350 ,7      ,1
 014550 ,7      ,0
 014550 ,8      ,1
 014700 ,6      ,1
 014700 ,8      ,0
 015000 ,1      ,1
 015000 ,6      ,0
 015050 ,2      ,1
 015100 ,3      ,1
 015150 ,4      ,1
 015200 ,5      ,1
 015650 ,1      ,0
 015650 ,2      ,0
 015650 ,3      ,0
 015650 ,4      ,0
 015650 ,5      ,0
 015750 ,1      ,1
 015750 ,2      ,1
 015750 ,3      ,1
 015750 ,4      ,1
 015750 ,5      ,1
 016150 ,1      ,0
 016150 ,2      ,0
 016150 ,3      ,0
 016150 ,4      ,0
 016150 ,5      ,0
 016300 ,2      ,1
 016300 ,4      ,1
 016450 ,2      ,0
 016450 ,3      ,1
 016450 ,4      ,0
 016450 ,5      ,1
 016550 ,1      ,1
 016550 ,5      ,0
 016900 ,1      ,0
 016900 ,3      ,0
 016950 ,2      ,1
 016950 ,3      ,1
 016950 ,4      ,1
 017250 ,2      ,0
 017250 ,3      ,0
 017250 ,4      ,0
 017350 ,6      ,1
 017350 ,7      ,1
 017350 ,8      ,1
 017950 ,6      ,0
 017950 ,7      ,0
 017950 ,8      ,0
 018150 ,6      ,1
 018550 ,2      ,1
 018550 ,4      ,1
 018750 ,1      ,1
 018750 ,2      ,0
 018750 ,3      ,1
 018750 ,4      ,0
 019000 ,1      ,0
 019000 ,2      ,1
 019000 ,3      ,0
 019000 ,4      ,1
 019000 ,6      ,0
 019000 ,7      ,1
 019000 ,8      ,1
 019400 ,2      ,0
 019400 ,3      ,1
 019400 ,4      ,0
 019400 ,5      ,1
 019600 ,5      ,0
 019650 ,2      ,1
 019650 ,4      ,1
 019700 ,1      ,1
 019700 ,5      ,1
 019800 ,6      ,1
 019800 ,7      ,0
 019800 ,8      ,0
 020650 ,1      ,0
 020650 ,2      ,0
 020650 ,3      ,0
 020650 ,4      ,0
 020650 ,5      ,0
 020650 ,6      ,0
 021400 ,7      ,1
 021700 ,2      ,1
 021700 ,4      ,1
 022200 ,1      ,1
 022200 ,2      ,0
 022200 ,3      ,1
 022200 ,4      ,0
 022200 ,6      ,1
 022200 ,7      ,0
 022800 ,1      ,0
 022800 ,5      ,1
 022800 ,7      ,1
 023000 ,2      ,1
 023000 ,3      ,0
 023000 ,4      ,1
 023000 ,5      ,0
 023000 ,7      ,0
 023000 ,8      ,1
 023200 ,1      ,1
 023200 ,2      ,0
 023200 ,3      ,1
 023200 ,4      ,0
 023850 ,1      ,0
 023850 ,3      ,0
 024200 ,1      ,1
 024200 ,2      ,1
 024200 ,3      ,1
 024200 ,4      ,1
 024200 ,5      ,1
 024550 ,6      ,0
 024550 ,8      ,0
 024600 ,5      ,0
 024650 ,4      ,0
 024700 ,3      ,0
 024700 ,5      ,1
 024750 ,2      ,0
 024750 ,4      ,1
 024800 ,1      ,0
 024800 ,3      ,1
 024850 ,2      ,1
 024900 ,1      ,1
 025550 ,3      ,0
 026100 ,2      ,0
 026100 ,4      ,0
 026600 ,1      ,0
 026600 ,5      ,0
 027850 ,3      ,1
 027900 ,2      ,1
 027900 ,4      ,1
 027950 ,1      ,1
 027950 ,2      ,0
 027950 ,4      ,0
 027950 ,5      ,1
 028600 ,7      ,1
 029450 ,1      ,0
 029450 ,2      ,1
 029450 ,3      ,0
 029450 ,4      ,1
 029450 ,5      ,0
 030250 ,1      ,1
 030250 ,2      ,0
 030250 ,3      ,1
 030250 ,4      ,0
 030250 ,5      ,1
 030450 ,6      ,1
 030450 ,7      ,0
 031850 ,6      ,0
 031850 ,7      ,1
 032650 ,1      ,0
 032650 ,2      ,1
 032650 ,3      ,0
 032650 ,4      ,1
 032650 ,5      ,0
 033450 ,1      ,1
 033450 ,2      ,0
 033450 ,3      ,1
 033450 ,4      ,0
 033450 ,5      ,1
 033700 ,7      ,0
 033700 ,8      ,1
 034300 ,1      ,0
 034300 ,3      ,0
 034300 ,5      ,0
 034350 ,5      ,1
 034400 ,3      ,1
 034450 ,1      ,1
 034650 ,7      ,1
 034650 ,8      ,0
 035900 ,1      ,0
 035900 ,2      ,1
 035900 ,3      ,0
 035900 ,4      ,1
 035900 ,5      ,0
 036900 ,6      ,1
 036900 ,7      ,0
 037500 ,1      ,1
 037500 ,2      ,0
 037500 ,3      ,1
 037500 ,4      ,0
 037500 ,5      ,1
 038300 ,6      ,0
 038850 ,1      ,0
 038850 ,3      ,0
 038850 ,5      ,0
 039300 ,5      ,1
 039500 ,3      ,1
 039500 ,5      ,0
 039700 ,1      ,1
 039700 ,3      ,0
 039900 ,1      ,0
 039900 ,2      ,1
 040100 ,2      ,0
 040100 ,4      ,1
 040300 ,3      ,1
 040300 ,4      ,0
 040550 ,1      ,1
 040550 ,3      ,0
 040750 ,1      ,0
 040750 ,3      ,1
 040800 ,2      ,1
 040800 ,4      ,1
 040850 ,1      ,1
 040850 ,2      ,0
 040850 ,4      ,0
 040850 ,5      ,1
 041500 ,7      ,1
 042350 ,1      ,0
 042350 ,2      ,1
 042350 ,3      ,0
 042350 ,4      ,1
 042350 ,5      ,0
 043150 ,1      ,1
 043150 ,2      ,0
 043150 ,3      ,1
 043150 ,4      ,0
 043150 ,5      ,1
 043150 ,6      ,1
 043150 ,7      ,0
 044750 ,6      ,0
 044750 ,7      ,1
 045550 ,1      ,0
 045550 ,2      ,1
 045550 ,3      ,0
 045550 ,4      ,1
 045550 ,5      ,0
 046350 ,1      ,1
 046350 ,2      ,0
 046350 ,3      ,1
 046350 ,4      ,0
 046350 ,5      ,1
 046350 ,7      ,0
 046350 ,8      ,1
 047200 ,1      ,0
 047200 ,3      ,0
 047200 ,5      ,0
 047200 ,7      ,1
 047200 ,8      ,0
 047250 ,5      ,1
 047300 ,3      ,1
 047350 ,1      ,1
 048800 ,1      ,0
 048800 ,2      ,1
 048800 ,3      ,0
 048800 ,4      ,1
 048800 ,5      ,0
 049600 ,6      ,1
 049600 ,7      ,0
 050400 ,1      ,1
 050400 ,2      ,0
 050400 ,3      ,1
 050400 ,4      ,0
 050400 ,5      ,1
 051200 ,6      ,0
 051750 ,1      ,0
 051750 ,3      ,0
 051750 ,5      ,0
 052000 ,6      ,1
 052000 ,7      ,1
 052000 ,8      ,1
 052100 ,6      ,0
 052100 ,7      ,0
 052100 ,8      ,0
 052200 ,5      ,1
 052200 ,6      ,1
 052200 ,7      ,1
 052200 ,8      ,1
 052300 ,6      ,0
 052300 ,7      ,0
 052300 ,8      ,0
 052400 ,3      ,1
 052400 ,5      ,0
 052600 ,1      ,1
 052600 ,3      ,0
 052600 ,6      ,1
 052600 ,7      ,1
 052600 ,8      ,1
 052700 ,6      ,0
 052700 ,7      ,0
 052700 ,8      ,0
 052800 ,1      ,0
 052800 ,2      ,1
 052800 ,6      ,1
 052800 ,7      ,1
 052800 ,8      ,1
 052900 ,6      ,0
 052900 ,7      ,0
 052900 ,8      ,0
 053000 ,2      ,0
 053000 ,4      ,1
 053200 ,3      ,1
 053200 ,4      ,0
 053250 ,7      ,1
 053350 ,7      ,0
 053450 ,1      ,1
 053450 ,3      ,0
 053650 ,1      ,0
 053650 ,3      ,1
 053650 ,6      ,1
 053650 ,7      ,1
 053650 ,8      ,1
 053700 ,2      ,1
 053700 ,4      ,1
 053750 ,1      ,1
 053750 ,2      ,0
 053750 ,4      ,0
 053750 ,5      ,1
 054450 ,6      ,0
 054450 ,7      ,0
 054650 ,7      ,1
 054650 ,8      ,0
 054850 ,6      ,1
 054850 ,7      ,0
 055050 ,6      ,0
 055050 ,7      ,1
 055250 ,1      ,0
 055250 ,2      ,1
 055250 ,3      ,0
 055250 ,4      ,1
 055250 ,5      ,0
 055250 ,6      ,1
 055250 ,7      ,0
 055450 ,6      ,0
 055450 ,7      ,1
 055650 ,7      ,0
 055650 ,8      ,1
 055850 ,7      ,1
 055850 ,8      ,0
 056050 ,1      ,1
 056050 ,2      ,0
 056050 ,3      ,1
 056050 ,4      ,0
 056050 ,5      ,1
 056050 ,6      ,1
 056050 ,7      ,0
 056250 ,6      ,0
 056250 ,7      ,1
 056500 ,7      ,0
 056500 ,8      ,1
 056700 ,7      ,1
 056700 ,8      ,0
 056900 ,6      ,1
 056900 ,7      ,0
 057050 ,6      ,0
 057050 ,7      ,1
 057250 ,7      ,0
 057250 ,8      ,1
 057500 ,7      ,1
 057500 ,8      ,0
 057700 ,6      ,1
 057700 ,7      ,0
 057900 ,6      ,0
 057900 ,7      ,1
 058100 ,7      ,0
 058100 ,8      ,1
 058350 ,7      ,1
 058350 ,8      ,0
 058450 ,1      ,0
 058450 ,2      ,1
 058450 ,3      ,0
 058450 ,4      ,1
 058450 ,5      ,0
 058700 ,7      ,0
 058750 ,8      ,1
 058950 ,7      ,1
 058950 ,8      ,0
 059050 ,7      ,0
 059100 ,7      ,1
 059250 ,1      ,1
 059250 ,2      ,0
 059250 ,3      ,1
 059250 ,4      ,0
 059250 ,5      ,1
 059300 ,6      ,1
 059300 ,7      ,0
 059500 ,6      ,0
 059500 ,7      ,1
 059700 ,7      ,0
 059700 ,8      ,1
 059900 ,7      ,1
 059900 ,8      ,0
 060050 ,7      ,0
 060100 ,1      ,0
 060100 ,3      ,0
 060100 ,5      ,0
 060100 ,7      ,1
 060150 ,5      ,1
 060200 ,3      ,1
 060250 ,1      ,1
 060250 ,7      ,0
 060300 ,7      ,1
 060450 ,6      ,1
 060450 ,7      ,0
 060700 ,6      ,0
 060700 ,7      ,1
 060900 ,7      ,0
 060900 ,8      ,1
 061100 ,6      ,1
 061100 ,8      ,0
 061300 ,6      ,0
 061300 ,7      ,1
 061500 ,7      ,0
 061500 ,8      ,1
 061650 ,8      ,0
 061700 ,1      ,0
 061700 ,2      ,1
 061700 ,3      ,0
 061700 ,4      ,1
 061700 ,5      ,0
 061700 ,8      ,1
 061950 ,7      ,1
 061950 ,8      ,0
 062100 ,7      ,0
 062150 ,7      ,1
 062300 ,7      ,0
 062350 ,6      ,1
 062500 ,6      ,0
 062550 ,6      ,1
 062750 ,6      ,0
 062750 ,8      ,1
 062900 ,7      ,1
 062900 ,8      ,0
 063100 ,6      ,1
 063100 ,7      ,0
 063300 ,1      ,1
 063300 ,2      ,0
 063300 ,3      ,1
 063300 ,4      ,0
 063300 ,5      ,1
 063300 ,6      ,0
 063300 ,8      ,1
 063500 ,7      ,1
 063500 ,8      ,0
 063650 ,7      ,0
 063700 ,7      ,1
 063900 ,6      ,1
 063900 ,7      ,0
 064050 ,6      ,0
 064100 ,6      ,1
 064300 ,6      ,0
 064300 ,7      ,1
 064550 ,7      ,0
 064550 ,8      ,1
 064650 ,1      ,0
 064650 ,3      ,0
 064650 ,5      ,0
 064700 ,8      ,0
 064750 ,8      ,1
 064900 ,7      ,1
 064900 ,8      ,0
 065100 ,5      ,1
 065100 ,7      ,0
 065100 ,8      ,1
 065300 ,3      ,1
 065300 ,5      ,0
 065300 ,6      ,1
 065300 ,8      ,0
 065500 ,1      ,1
 065500 ,3      ,0
 065500 ,6      ,0
 065500 ,7      ,1
 065700 ,1      ,0
 065700 ,2      ,1
 065700 ,6      ,1
 065700 ,7      ,0
 065900 ,2      ,0
 065900 ,4      ,1
 065900 ,6      ,0
 065900 ,8      ,1
 066100 ,3      ,1
 066100 ,4      ,0
 066100 ,7      ,1
 066100 ,8      ,0
 066350 ,1      ,1
 066350 ,3      ,0
 066350 ,6      ,1
 066350 ,7      ,0
 066550 ,1      ,0
 066550 ,3      ,1
 066550 ,6      ,0
 066600 ,2      ,1
 066600 ,4      ,1
 066650 ,1      ,1
 066650 ,2      ,0
 066650 ,4      ,0
 066650 ,5      ,1
 066700 ,7      ,1
 066900 ,6      ,1
 066900 ,7      ,0
 067100 ,6      ,0
 067100 ,7      ,1
 067350 ,7      ,0
 067350 ,8      ,1
 067550 ,7      ,1
 067550 ,8      ,0
 067750 ,6      ,1
 067750 ,7      ,0
 067900 ,6      ,0
 067900 ,7      ,1
 068100 ,7      ,0
 068100 ,8      ,1
 068150 ,1      ,0
 068150 ,2      ,1
 068150 ,3      ,0
 068150 ,4      ,1
 068150 ,5      ,0
 068350 ,7      ,1
 068350 ,8      ,0
 068550 ,6      ,1
 068550 ,7      ,0
 068750 ,6      ,0
 068750 ,7      ,1
 068950 ,1      ,1
 068950 ,2      ,0
 068950 ,3      ,1
 068950 ,4      ,0
 068950 ,5      ,1
 068950 ,7      ,0
 068950 ,8      ,1
 069200 ,7      ,1
 069200 ,8      ,0
 069550 ,7      ,0
 069600 ,8      ,1
 069800 ,7      ,1
 069800 ,8      ,0
 069900 ,7      ,0
 069950 ,7      ,1
 070150 ,6      ,1
 070150 ,7      ,0
 070350 ,6      ,0
 070350 ,7      ,1
 070550 ,7      ,0
 070550 ,8      ,1
 070750 ,7      ,1
 070750 ,8      ,0
 070900 ,7      ,0
 070950 ,7      ,1
 071100 ,7      ,0
 071150 ,7      ,1
 071300 ,6      ,1
 071300 ,7      ,0
 071350 ,1      ,0
 071350 ,2      ,1
 071350 ,3      ,0
 071350 ,4      ,1
 071350 ,5      ,0
 071550 ,6      ,0
 071550 ,7      ,1
 071750 ,7      ,0
 071750 ,8      ,1
 071950 ,6      ,1
 071950 ,8      ,0
 072150 ,1      ,1
 072150 ,2      ,0
 072150 ,3      ,1
 072150 ,4      ,0
 072150 ,5      ,1
 072150 ,6      ,0
 072150 ,7      ,1
 072350 ,7      ,0
 072350 ,8      ,1
 072500 ,8      ,0
 072550 ,8      ,1
 072800 ,7      ,1
 072800 ,8      ,0
 072950 ,7      ,0
 073000 ,1      ,0
 073000 ,3      ,0
 073000 ,5      ,0
 073000 ,7      ,1
 073050 ,5      ,1
 073100 ,3      ,1
 073150 ,1      ,1
 073150 ,7      ,0
 073200 ,6      ,1
 073350 ,6      ,0
 073400 ,6      ,1
 073600 ,6      ,0
 073600 ,8      ,1
 073750 ,7      ,1
 073750 ,8      ,0
 073950 ,6      ,1
 073950 ,7      ,0
 074150 ,6      ,0
 074150 ,8      ,1
 074350 ,7      ,1
 074350 ,8      ,0
 074500 ,7      ,0
 074550 ,7      ,1
 074600 ,1      ,0
 074600 ,2      ,1
 074600 ,3      ,0
 074600 ,4      ,1
 074600 ,5      ,0
 074750 ,6      ,1
 074750 ,7      ,0
 074900 ,6      ,0
 074950 ,6      ,1
 075150 ,6      ,0
 075150 ,7      ,1
 075400 ,7      ,0
 075400 ,8      ,1
 075500 ,6      ,1
 075500 ,8      ,0
 075650 ,6      ,0
 075650 ,7      ,1
 075850 ,7      ,0
 075850 ,8      ,1
 076050 ,7      ,1
 076050 ,8      ,0
 076200 ,1      ,1
 076200 ,2      ,0
 076200 ,3      ,1
 076200 ,4      ,0
 076200 ,5      ,1
 076250 ,6      ,1
 076250 ,7      ,0
 076450 ,6      ,0
 076450 ,8      ,1
 076600 ,7      ,1
 076600 ,8      ,0
 076800 ,6      ,1
 076800 ,7      ,0
 077000 ,1      ,0
 077000 ,3      ,0
 077000 ,5      ,0
 077000 ,6      ,0
 077000 ,7      ,1
 077200 ,7      ,0
 077200 ,8      ,1
 077400 ,6      ,1
 077400 ,8      ,0
 077600 ,6      ,0
 077600 ,7      ,1
 077800 ,3      ,1
 077800 ,7      ,0
 077800 ,8      ,1
 078000 ,5      ,1
 078000 ,7      ,1
 078000 ,8      ,0
 078200 ,4      ,1
 078200 ,6      ,1
 078200 ,7      ,0
 078400 ,2      ,1
 078400 ,6      ,0
 078400 ,7      ,1
 078600 ,1      ,1
 078600 ,7      ,0
 078600 ,8      ,1
 079050 ,8      ,0
 079350 ,5      ,0
 079400 ,4      ,0
 079400 ,6      ,1
 079400 ,7      ,1
 079400 ,8      ,1
 079450 ,3      ,0
 079450 ,5      ,1
 079500 ,2      ,0
 079500 ,4      ,1
 079550 ,1      ,0
 079550 ,3      ,1
 079550 ,6      ,0
 079550 ,7      ,0
 079550 ,8      ,0
 079600 ,2      ,1
 079650 ,1      ,1
 079650 ,6      ,1
 079650 ,7      ,1
 079650 ,8      ,1
 079750 ,6      ,0
 079750 ,7      ,0
 079750 ,8      ,0
 079850 ,6      ,1
 079850 ,7      ,1
 079850 ,8      ,1
 079950 ,6      ,0
 079950 ,7      ,0
 079950 ,8      ,0
 080050 ,5      ,0
 080050 ,6      ,1
 080050 ,7      ,1
 080050 ,8      ,1
 080100 ,4      ,0
 080150 ,3      ,0
 080150 ,5      ,1
 080150 ,6      ,0
 080150 ,7      ,0
 080150 ,8      ,0
 080200 ,2      ,0
 080200 ,4      ,1
 080250 ,1      ,0
 080250 ,3      ,1
 080250 ,6      ,1
 080250 ,7      ,1
 080250 ,8      ,1
 080300 ,2      ,1
 080350 ,1      ,1
 080350 ,6      ,0
 080350 ,7      ,0
 080350 ,8      ,0
 080650 ,5      ,0
 080650 ,6      ,1
 080650 ,7      ,1
 080650 ,8      ,1
 080700 ,4      ,0
 080750 ,3      ,0
 080750 ,5      ,1
 080800 ,2      ,0
 080800 ,4      ,1
 080800 ,6      ,0
 080800 ,7      ,0
 080800 ,8      ,0
 080850 ,1      ,0
 080850 ,3      ,1
 080900 ,2      ,1
 080950 ,1      ,1
 081050 ,2      ,0
 081050 ,4      ,0
 081050 ,5      ,0
 081050 ,6      ,1
 081050 ,7      ,1
 081400 ,1      ,0
 081400 ,2      ,1
 081400 ,3      ,0
 081400 ,4      ,1
 081850 ,2      ,0
 081850 ,3      ,1
 081850 ,4      ,0
 081850 ,5      ,1
 081850 ,6      ,0
 082650 ,1      ,1
 082650 ,5      ,0
 082650 ,7      ,0
 082650 ,8      ,1
 082850 ,1      ,0
 082850 ,2      ,1
 082850 ,3      ,0
 082850 ,4      ,1
 083450 ,2      ,0
 083450 ,3      ,1
 083450 ,4      ,0
 083450 ,5      ,1
 083450 ,7      ,1
 083450 ,8      ,0
 084250 ,1      ,1
 084250 ,5      ,0
 084300 ,6      ,1
 084300 ,7      ,0
 084700 ,1      ,0
 084700 ,2      ,1
 084700 ,3      ,0
 084700 ,4      ,1
 084700 ,5      ,1
 084900 ,6      ,0
 084900 ,8      ,1
 085050 ,1      ,1
 085050 ,2      ,0
 085050 ,3      ,1
 085050 ,4      ,0
 085050 ,5      ,0
 085050 ,7      ,1
 085050 ,8      ,0
 085450 ,1      ,0
 085450 ,2      ,1
 085450 ,3      ,0
 085450 ,4      ,1
 085450 ,5      ,1
 085900 ,2      ,0
 085900 ,4      ,0
 085900 ,5      ,0
 085900 ,7      ,0
 085900 ,8      ,1
 086300 ,6      ,1
 086700 ,5      ,1
 087050 ,4      ,1
 087200 ,5      ,0
 087500 ,3      ,1
 087500 ,6      ,0
 087500 ,7      ,1
 087500 ,8      ,0
 087650 ,4      ,0
 087850 ,2      ,1
 087850 ,3      ,0
 088200 ,2      ,0
 088300 ,2      ,1
 088300 ,6      ,1
 088300 ,7      ,0
 088300 ,8      ,1
 088700 ,6      ,0
 088800 ,2      ,0
 089100 ,6      ,1
 089100 ,7      ,1
 089100 ,8      ,0
 089500 ,7      ,0
 089700 ,6      ,0
 089700 ,8      ,1
 089950 ,4      ,1
 089950 ,7      ,1
 089950 ,8      ,0
 090250 ,3      ,1
 090400 ,4      ,0
 090700 ,2      ,1
 090700 ,8      ,1
 090850 ,3      ,0
 090900 ,1      ,1
 091050 ,2      ,0
 091300 ,7      ,0
 091450 ,1      ,0
 091550 ,1      ,1
 091550 ,6      ,1
 091550 ,7      ,1
 091550 ,8      ,0
 092250 ,1      ,0
 092250 ,6      ,0
 092250 ,7      ,0
 092350 ,1      ,1
 092350 ,6      ,1
 092350 ,7      ,1
 092350 ,8      ,1
 092450 ,2      ,1
 092450 ,6      ,0
 092450 ,7      ,0
 092450 ,8      ,0
 092550 ,3      ,1
 092550 ,6      ,1
 092550 ,7      ,1
 092550 ,8      ,1
 092650 ,1      ,0
 092650 ,4      ,1
 092650 ,6      ,0
 092650 ,7      ,0
 092650 ,8      ,0
 092750 ,2      ,0
 092850 ,3      ,0
 092950 ,4      ,0
 092950 ,6      ,1
 092950 ,7      ,1
 092950 ,8      ,1
 093050 ,6      ,0
 093050 ,7      ,0
 093050 ,8      ,0
 093150 ,2      ,1
 093150 ,6      ,1
 093150 ,7      ,1
 093150 ,8      ,1
 093250 ,3      ,1
 093250 ,6      ,0
 093250 ,7      ,0
 093250 ,8      ,0
 093350 ,4      ,1
 093350 ,6      ,1
 093350 ,7      ,1
 093350 ,8      ,1
 093450 ,2      ,0
 093450 ,5      ,1
 093450 ,6      ,0
 093450 ,7      ,0
 093450 ,8      ,0
 093550 ,3      ,0
 093550 ,6      ,1
 093550 ,7      ,1
 093550 ,8      ,1
 093650 ,4      ,0
 093750 ,5      ,0
 093750 ,6      ,0
 093750 ,7      ,0
 093750 ,8      ,0
 093950 ,1      ,1
 093950 ,3      ,1
 093950 ,6      ,1
 093950 ,7      ,1
 094300 ,1      ,0
 094300 ,2      ,1
 094300 ,3      ,0
 094300 ,4      ,1
 094600 ,2      ,0
 094600 ,3      ,1
 094600 ,4      ,0
 094600 ,5      ,1
 094750 ,6      ,0
 095550 ,1      ,1
 095550 ,5      ,0
 095550 ,7      ,0
 095550 ,8      ,1
 095850 ,1      ,0
 095850 ,2      ,1
 095850 ,3      ,0
 095850 ,4      ,1
 096350 ,7      ,1
 096350 ,8      ,0
 096650 ,2      ,0
 096650 ,3      ,1
 096650 ,4      ,0
 096650 ,5      ,1
 097150 ,1      ,1
 097150 ,5      ,0
 097200 ,6      ,1
 097200 ,7      ,0
 097600 ,1      ,0
 097600 ,2      ,1
 097600 ,3      ,0
 097600 ,4      ,1
 097600 ,5      ,1
 097800 ,6      ,0
 097800 ,8      ,1
 097950 ,1      ,1
 097950 ,2      ,0
 097950 ,3      ,1
 097950 ,4      ,0
 097950 ,5      ,0
 097950 ,7      ,1
 097950 ,8      ,0
 098350 ,1      ,0
 098350 ,2      ,1
 098350 ,3      ,0
 098350 ,4      ,1
 098350 ,5      ,1
 098800 ,2      ,0
 098800 ,4      ,0
 098800 ,5      ,0
 098800 ,7      ,0
 098800 ,8      ,1
 099200 ,6      ,1
 099600 ,5      ,1
 099800 ,4      ,1
 100100 ,5      ,0
 100300 ,3      ,1
 100400 ,4      ,0
 100400 ,6      ,0
 100400 ,7      ,1
 100400 ,8      ,0
 100450 ,2      ,1
 100450 ,3      ,0
 101000 ,2      ,0
 101100 ,2      ,1
 101200 ,6      ,1
 101200 ,7      ,0
 101200 ,8      ,1
 101600 ,6      ,0
 101700 ,2      ,0
 102000 ,6      ,1
 102000 ,7      ,1
 102000 ,8      ,0
 102400 ,7      ,0
 102600 ,6      ,0
 102600 ,8      ,1
 102850 ,4      ,1
 102850 ,7      ,1
 102850 ,8      ,0
 103150 ,3      ,1
 103300 ,4      ,0
 103600 ,2      ,1
 103600 ,8      ,1
 103750 ,3      ,0
 103800 ,1      ,1
 103950 ,2      ,0
 104200 ,7      ,0
 104350 ,1      ,0
 104450 ,1      ,1
 104450 ,6      ,1
 104450 ,7      ,1
 104450 ,8      ,0
 104650 ,1      ,0
 104750 ,1      ,1
 104950 ,1      ,0
 105050 ,1      ,1
 105250 ,6      ,0
 105250 ,8      ,1
 105450 ,6      ,1
 105450 ,8      ,0
 105600 ,3      ,1
 105850 ,6      ,0
 105850 ,8      ,1
 105950 ,7      ,0
 106050 ,5      ,1
 106050 ,6      ,1
 106050 ,7      ,1
 106050 ,8      ,0
 106250 ,6      ,0
 106250 ,7      ,0
 106250 ,8      ,1
 106400 ,2      ,1
 106450 ,6      ,1
 106450 ,7      ,1
 106650 ,6      ,0
 106650 ,7      ,0
 106850 ,4      ,1
 106850 ,8      ,0
 107800 ,1      ,0
 107850 ,2      ,0
 107900 ,3      ,0
 107950 ,4      ,0
 108000 ,5      ,0
 108450 ,3      ,1
 109250 ,3      ,0
 109250 ,4      ,1
 109650 ,3      ,1
 109650 ,4      ,0
 110050 ,2      ,1
 110050 ,3      ,0
 110850 ,2      ,0
 110850 ,3      ,1
 111250 ,2      ,1
 111250 ,3      ,0
 111700 ,1      ,1
 111700 ,2      ,0
 112050 ,1      ,0
 112050 ,2      ,1
 112100 ,1      ,1
 112100 ,2      ,0
 112250 ,1      ,0
 112250 ,2      ,1
 112450 ,2      ,0
 112450 ,3      ,1
 112900 ,3      ,0
 112900 ,4      ,1
 113300 ,3      ,1
 113300 ,4      ,0
 113350 ,2      ,1
 113350 ,4      ,1
 113400 ,1      ,1
 113400 ,2      ,0
 113400 ,4      ,0
 113400 ,5      ,1
 114050 ,7      ,1
 114900 ,1      ,0
 114900 ,2      ,1
 114900 ,3      ,0
 114900 ,4      ,1
 114900 ,5      ,0
 115700 ,1      ,1
 115700 ,2      ,0
 115700 ,3      ,1
 115700 ,4      ,0
 115700 ,5      ,1
 115900 ,6      ,1
 115900 ,7      ,0
 117300 ,6      ,0
 117300 ,7      ,1
 118100 ,1      ,0
 118100 ,2      ,1
 118100 ,3      ,0
 118100 ,4      ,1
 118100 ,5      ,0
 118900 ,1      ,1
 118900 ,2      ,0
 118900 ,3      ,1
 118900 ,4      ,0
 118900 ,5      ,1
 119150 ,7      ,0
 119150 ,8      ,1
 119750 ,1      ,0
 119750 ,3      ,0
 119750 ,5      ,0
 119800 ,5      ,1
 119850 ,3      ,1
 119900 ,1      ,1
 120100 ,7      ,1
 120100 ,8      ,0
 121350 ,1      ,0
 121350 ,2      ,1
 121350 ,3      ,0
 121350 ,4      ,1
 121350 ,5      ,0
 122350 ,6      ,1
 122350 ,7      ,0
 122950 ,1      ,1
 122950 ,2      ,0
 122950 ,3      ,1
 122950 ,4      ,0
 122950 ,5      ,1
 123750 ,6      ,0
 124300 ,1      ,0
 124300 ,3      ,0
 124300 ,5      ,0
 124600 ,1      ,1
 124650 ,2      ,1
 124700 ,3      ,1
 125050 ,1      ,0
 125050 ,2      ,0
 125050 ,3      ,0
 125150 ,2      ,1
 125200 ,3      ,1
 125250 ,4      ,1
 125650 ,2      ,0
 125650 ,3      ,0
 125650 ,4      ,0
 125750 ,3      ,1
 125800 ,4      ,1
 125850 ,5      ,1
 126100 ,3      ,0
 126100 ,4      ,0
 126100 ,5      ,0
 126200 ,3      ,1
 126250 ,2      ,1
 126250 ,4      ,1
 126300 ,1      ,1
 126300 ,2      ,0
 126300 ,4      ,0
 126300 ,5      ,1
 126950 ,7      ,1
 127800 ,1      ,0
 127800 ,2      ,1
 127800 ,3      ,0
 127800 ,4      ,1
 127800 ,5      ,0
 128600 ,1      ,1
 128600 ,2      ,0
 128600 ,3      ,1
 128600 ,4      ,0
 128600 ,5      ,1
 128600 ,6      ,1
 128600 ,7      ,0
 130200 ,6      ,0
 130200 ,7      ,1
 131000 ,1      ,0
 131000 ,2      ,1
 131000 ,3      ,0
 131000 ,4      ,1
 131000 ,5      ,0
 131800 ,1      ,1
 131800 ,2      ,0
 131800 ,3      ,1
 131800 ,4      ,0
 131800 ,5      ,1
 131800 ,7      ,0
 131800 ,8      ,1
 132650 ,1      ,0
 132650 ,3      ,0
 132650 ,5      ,0
 132650 ,7      ,1
 132650 ,8      ,0
 132700 ,5      ,1
 132750 ,3      ,1
 132800 ,1      ,1
 134250 ,1      ,0
 134250 ,2      ,1
 134250 ,3      ,0
 134250 ,4      ,1
 134250 ,5      ,0
 135050 ,6      ,1
 135050 ,7      ,0
 135850 ,1      ,1
 135850 ,2      ,0
 135850 ,3      ,1
 135850 ,4      ,0
 135850 ,5      ,1
 136650 ,6      ,0
 137200 ,1      ,0
 137200 ,3      ,0
 137200 ,5      ,0
 139100 ,1      ,1
 139100 ,2      ,1
 139100 ,3      ,1
 139100 ,4      ,1
 139100 ,6      ,1
 139100 ,7      ,1
 139100 ,8      ,1
 139150 ,4      ,0
 139200 ,3      ,0
 139200 ,5      ,1
 139200 ,6      ,0
 139200 ,7      ,0
 139200 ,8      ,0
 139250 ,2      ,0
 139250 ,4      ,1
 139300 ,1      ,0
 139300 ,3      ,1
 139300 ,6      ,1
 139300 ,7      ,1
 139300 ,8      ,1
 139350 ,2      ,1
 139400 ,1      ,1
 139400 ,6      ,0
 139400 ,7      ,0
 139400 ,8      ,0
 139500 ,6      ,1
 139500 ,7      ,1
 139500 ,8      ,1
 139600 ,6      ,0
 139600 ,7      ,0
 139600 ,8      ,0
 139700 ,5      ,0
 139700 ,6      ,1
 139700 ,7      ,1
 139700 ,8      ,1
 139750 ,4      ,0
 139800 ,3      ,0
 139800 ,5      ,1
 139800 ,6      ,0
 139800 ,7      ,0
 139800 ,8      ,0
 139850 ,2      ,0
 139850 ,4      ,1
 139900 ,1      ,0
 139900 ,3      ,1
 139900 ,6      ,1
 139900 ,7      ,1
 139900 ,8      ,1
 139950 ,2      ,1
 140000 ,1      ,1
 140000 ,6      ,0
 140000 ,7      ,0
 140000 ,8      ,0
 140300 ,5      ,0
 140300 ,6      ,1
 140300 ,7      ,1
 140300 ,8      ,1
 140350 ,4      ,0
 140400 ,3      ,0
 140400 ,5      ,1
 140450 ,2      ,0
 140450 ,4      ,1
 140450 ,6      ,0
 140450 ,7      ,0
 140450 ,8      ,0
 140500 ,1      ,0
 140500 ,3      ,1
 140550 ,2      ,1
 140600 ,1      ,1
 140700 ,2      ,0
 140700 ,4      ,0
 140700 ,5      ,0
 140700 ,6      ,1
 140700 ,7      ,1
 141050 ,1      ,0
 141050 ,2      ,1
 141050 ,3      ,0
 141050 ,4      ,1
 141500 ,2      ,0
 141500 ,3      ,1
 141500 ,4      ,0
 141500 ,5      ,1
 141500 ,6      ,0
 142300 ,1      ,1
 142300 ,5      ,0
 142300 ,7      ,0
 142300 ,8      ,1
 142500 ,1      ,0
 142500 ,2      ,1
 142500 ,3      ,0
 142500 ,4      ,1
 143100 ,2      ,0
 143100 ,3      ,1
 143100 ,4      ,0
 143100 ,5      ,1
 143100 ,7      ,1
 143100 ,8      ,0
 143900 ,1      ,1
 143900 ,5      ,0
 143950 ,6      ,1
 143950 ,7      ,0
 144350 ,1      ,0
 144350 ,2      ,1
 144350 ,3      ,0
 144350 ,4      ,1
 144350 ,5      ,1
 144550 ,6      ,0
 144550 ,8      ,1
 144700 ,1      ,1
 144700 ,2      ,0
 144700 ,3      ,1
 144700 ,4      ,0
 144700 ,5      ,0
 144700 ,7      ,1
 144700 ,8      ,0
 145100 ,1      ,0
 145100 ,2      ,1
 145100 ,3      ,0
 145100 ,4      ,1
 145100 ,5      ,1
 145550 ,2      ,0
 145550 ,4      ,0
 145550 ,5      ,0
 145550 ,7      ,0
 145550 ,8      ,1
 145950 ,6      ,1
 146350 ,5      ,1
 146700 ,4      ,1
 146850 ,5      ,0
 147150 ,3      ,1
 147150 ,6      ,0
 147150 ,7      ,1
 147150 ,8      ,0
 147300 ,4      ,0
 147500 ,2      ,1
 147500 ,3      ,0
 147850 ,2      ,0
 147950 ,2      ,1
 147950 ,6      ,1
 147950 ,7      ,0
 147950 ,8      ,1
 148350 ,6      ,0
 148450 ,2      ,0
 148750 ,6      ,1
 148750 ,7      ,1
 148750 ,8      ,0
 149150 ,7      ,0
 149350 ,6      ,0
 149350 ,8      ,1
 149600 ,4      ,1
 149600 ,7      ,1
 149600 ,8      ,0
 149900 ,3      ,1
 150050 ,4      ,0
 150350 ,2      ,1
 150350 ,8      ,1
 150500 ,3      ,0
 150550 ,1      ,1
 150700 ,2      ,0
 150950 ,7      ,0
 151100 ,1      ,0
 151200 ,1      ,1
 151200 ,6      ,1
 151200 ,7      ,1
 151200 ,8      ,0
 151900 ,1      ,0
 151900 ,6      ,0
 151900 ,7      ,0
 152000 ,1      ,1
 152000 ,6      ,1
 152000 ,7      ,1
 152000 ,8      ,1
 152100 ,2      ,1
 152100 ,6      ,0
 152100 ,7      ,0
 152100 ,8      ,0
 152200 ,3      ,1
 152200 ,6      ,1
 152200 ,7      ,1
 152200 ,8      ,1
 152300 ,1      ,0
 152300 ,4      ,1
 152300 ,6      ,0
 152300 ,7      ,0
 152300 ,8      ,0
 152400 ,2      ,0
 152500 ,3      ,0
 152600 ,4      ,0
 152600 ,6      ,1
 152600 ,7      ,1
 152600 ,8      ,1
 152700 ,6      ,0
 152700 ,7      ,0
 152700 ,8      ,0
 152800 ,2      ,1
 152800 ,6      ,1
 152800 ,7      ,1
 152800 ,8      ,1
 152900 ,3      ,1
 152900 ,6      ,0
 152900 ,7      ,0
 152900 ,8      ,0
 153000 ,4      ,1
 153000 ,6      ,1
 153000 ,7      ,1
 153000 ,8      ,1
 153100 ,2      ,0
 153100 ,5      ,1
 153100 ,6      ,0
 153100 ,7      ,0
 153100 ,8      ,0
 153200 ,3      ,0
 153200 ,6      ,1
 153200 ,7      ,1
 153200 ,8      ,1
 153300 ,4      ,0
 153400 ,5      ,0
 153400 ,6      ,0
 153400 ,7      ,0
 153400 ,8      ,0
 153600 ,1      ,1
 153600 ,3      ,1
 153600 ,6      ,1
 153600 ,7      ,1
 153950 ,1      ,0
 153950 ,2      ,1
 153950 ,3      ,0
 153950 ,4      ,1
 154250 ,2      ,0
 154250 ,3      ,1
 154250 ,4      ,0
 154250 ,5      ,1
 154400 ,6      ,0
 155200 ,1      ,1
 155200 ,5      ,0
 155200 ,7      ,0
 155200 ,8      ,1
 155500 ,1      ,0
 155500 ,2      ,1
 155500 ,3      ,0
 155500 ,4      ,1
 156000 ,7      ,1
 156000 ,8      ,0
 156300 ,2      ,0
 156300 ,3      ,1
 156300 ,4      ,0
 156300 ,5      ,1
 156800 ,1      ,1
 156800 ,5      ,0
 156850 ,6      ,1
 156850 ,7      ,0
 157250 ,1      ,0
 157250 ,2      ,1
 157250 ,3      ,0
 157250 ,4      ,1
 157250 ,5      ,1
 157450 ,6      ,0
 157450 ,8      ,1
 157600 ,1      ,1
 157600 ,2      ,0
 157600 ,3      ,1
 157600 ,4      ,0
 157600 ,5      ,0
 157600 ,7      ,1
 157600 ,8      ,0
 158000 ,1      ,0
 158000 ,2      ,1
 158000 ,3      ,0
 158000 ,4      ,1
 158000 ,5      ,1
 158450 ,2      ,0
 158450 ,4      ,0
 158450 ,5      ,0
 158450 ,7      ,0
 158450 ,8      ,1
 158850 ,6      ,1
 159250 ,5      ,1
 159450 ,4      ,1
 159750 ,5      ,0
 159950 ,3      ,1
 160050 ,4      ,0
 160050 ,6      ,0
 160050 ,7      ,1
 160050 ,8      ,0
 160100 ,2      ,1
 160100 ,3      ,0
 160650 ,2      ,0
 160750 ,2      ,1
 160850 ,6      ,1
 160850 ,7      ,0
 160850 ,8      ,1
 161250 ,6      ,0
 161350 ,2      ,0
 161650 ,6      ,1
 161650 ,7      ,1
 161650 ,8      ,0
 162050 ,7      ,0
 162250 ,6      ,0
 162250 ,8      ,1
 162500 ,4      ,1
 162500 ,7      ,1
 162500 ,8      ,0
 162800 ,3      ,1
 162950 ,4      ,0
 163250 ,2      ,1
 163250 ,8      ,1
 163400 ,3      ,0
 163450 ,1      ,1
 163600 ,2      ,0
 163850 ,7      ,0
 164000 ,1      ,0
 164100 ,1      ,1
 164100 ,6      ,1
 164100 ,7      ,1
 164100 ,8      ,0
 164300 ,1      ,0
 164400 ,1      ,1
 164600 ,1      ,0
 164700 ,1      ,1
 164900 ,6      ,0
 164900 ,8      ,1
 165100 ,6      ,1
 165100 ,8      ,0
 165250 ,3      ,1
 165500 ,6      ,0
 165500 ,8      ,1
 165600 ,7      ,0
 165700 ,5      ,1
 165700 ,6      ,1
 165700 ,7      ,1
 165700 ,8      ,0
 165900 ,6      ,0
 165900 ,7      ,0
 165900 ,8      ,1
 166050 ,2      ,1
 166100 ,6      ,1
 166100 ,7      ,1
 166300 ,6      ,0
 166300 ,7      ,0
 166500 ,4      ,1
 166500 ,8      ,0
 167450 ,1      ,0
 167500 ,2      ,0
 167550 ,3      ,0
 167600 ,4      ,0
 167650 ,5      ,0
 168150 ,1      ,1
 168150 ,3      ,1
 168150 ,5      ,1
 168300 ,1      ,0
 168300 ,2      ,1
 168300 ,3      ,0
 168300 ,4      ,1
 168300 ,5      ,0
 168500 ,1      ,1
 168500 ,2      ,0
 168500 ,3      ,1
 168500 ,4      ,0
 168500 ,5      ,1
 168700 ,1      ,0
 168700 ,2      ,1
 168700 ,3      ,0
 168700 ,4      ,1
 168700 ,5      ,0
 168900 ,2      ,0
 168900 ,4      ,0
 168900 ,6      ,1
 168900 ,7      ,1
 168900 ,8      ,1
 169000 ,6      ,0
 169000 ,7      ,0
 169000 ,8      ,0
 169150 ,1      ,1
 169150 ,2      ,1
 169150 ,3      ,1
 169150 ,4      ,1
 169150 ,5      ,1
 169250 ,1      ,0
 169250 ,2      ,0
 169250 ,3      ,0
 169250 ,4      ,0
 169250 ,5      ,0
 169300 ,6      ,1
 169300 ,7      ,1
 169300 ,8      ,1
 169400 ,6      ,0
 169400 ,7      ,0
 169400 ,8      ,0
 169750 ,5      ,1
 169800 ,4      ,1
 169800 ,6      ,1
 169800 ,7      ,1
 169800 ,8      ,1
 169850 ,3      ,1
 169900 ,2      ,1
 169950 ,1      ,1
 170600 ,1      ,0
 170600 ,2      ,0
 170600 ,3      ,0
 170600 ,4      ,0
 170600 ,5      ,0
 170600 ,6      ,0
 170600 ,7      ,0
 170600 ,8      ,0
 170650 ,1      ,1
 170650 ,2      ,1
 170650 ,7      ,1
 171300 ,1      ,0
 171300 ,2      ,0
 171300 ,4      ,1
 171300 ,5      ,1
 171300 ,7      ,0
 171300 ,8      ,1
 171400 ,2      ,1
 171400 ,3      ,1
 171400 ,6      ,1
 171400 ,8      ,0
 171600 ,1      ,1
 171600 ,6      ,0
 171600 ,7      ,1
 171900 ,2      ,0
 171900 ,3      ,0
 171900 ,4      ,0
 171900 ,5      ,0
 172100 ,1      ,0
 172100 ,7      ,0
 172200 ,1      ,1
 172200 ,2      ,1
 172200 ,3      ,1
 172200 ,4      ,1
 172200 ,5      ,1
 172200 ,6      ,1
 172200 ,7      ,1
 172200 ,8      ,1
 172400 ,1      ,0
 172400 ,2      ,0
 172400 ,3      ,0
 172400 ,4      ,0
 172400 ,5      ,0
 172400 ,6      ,0
 172400 ,7      ,0
 172400 ,8      ,0
 173050 ,1      ,1
 173050 ,2      ,1
 173050 ,3      ,1
 173050 ,4      ,1
 173050 ,5      ,1
 173300 ,1      ,0
 173300 ,2      ,0
 173300 ,3      ,0
 173300 ,4      ,0
 173300 ,5      ,0
 173450 ,1      ,1
 173450 ,2      ,1
 173450 ,3      ,1
 173450 ,4      ,1
 173450 ,5      ,1
 173450 ,6      ,1
 173450 ,7      ,1
 173450 ,8      ,1
 173600 ,1      ,0
 173600 ,2      ,0
 173600 ,3      ,0
 173600 ,4      ,0
 173600 ,5      ,0
 173600 ,6      ,0
 173600 ,7      ,0
 173600 ,8      ,0
 173850 ,1      ,1
 173850 ,2      ,1
 173850 ,3      ,1
 173850 ,4      ,1
 173850 ,5      ,1
 173850 ,6      ,1
 173850 ,7      ,1
 173850 ,8      ,1
 174300 ,1      ,0
 174300 ,2      ,0
 174300 ,3      ,0
 174300 ,4      ,0
 174300 ,5      ,0
 174300 ,6      ,0
 174300 ,7      ,0
 174300 ,8      ,0
 174350 ,1      ,1
 174400 ,2      ,1
 174450 ,3      ,1
 174500 ,4      ,1
 174550 ,5      ,1
 174600 ,1      ,0
 174600 ,2      ,0
 174600 ,3      ,0
 174600 ,4      ,0
 174600 ,5      ,0
 174650 ,1      ,1
 174650 ,2      ,1
 174650 ,3      ,1
 174650 ,4      ,1
 174650 ,5      ,1
 174650 ,6      ,1
 174650 ,7      ,1
 174650 ,8      ,1
 175450 ,1      ,0
 175450 ,2      ,0
 175450 ,3      ,0
 175450 ,4      ,0
 175450 ,5      ,0
 175450 ,6      ,0
 175450 ,7      ,0
 175450 ,8      ,0
 176250 ,6      ,1
 176250 ,7      ,1
 176250 ,8      ,1
 176650 ,1      ,1
 176650 ,3      ,1
 176850 ,1      ,0
 176850 ,3      ,0
 176850 ,6      ,0
 176850 ,7      ,0
 176850 ,8      ,0
 177050 ,1      ,1
 177050 ,3      ,1
 177050 ,6      ,1
 177600 ,1      ,0
 177600 ,3      ,0
 177600 ,6      ,0
 177700 ,1      ,1
 177700 ,3      ,1
 177700 ,7      ,1
 177800 ,1      ,0
 177800 ,3      ,0
 177800 ,7      ,0
 177850 ,1      ,1
 177850 ,3      ,1
 177850 ,6      ,1
 178050 ,1      ,0
 178050 ,2      ,1
 178050 ,3      ,0
 178050 ,4      ,1
 178050 ,6      ,0
 178050 ,8      ,1
 178350 ,2      ,0
 178350 ,4      ,0
 178350 ,8      ,0
 178450 ,2      ,1
 178450 ,4      ,1
 178450 ,6      ,1
 179100 ,2      ,0
 179100 ,3      ,1
 179100 ,4      ,0
 179100 ,5      ,1
 179100 ,6      ,0
 179100 ,7      ,1
 179450 ,1      ,1
 179450 ,5      ,0
 179450 ,6      ,1
 179450 ,7      ,0
 179850 ,3      ,0
 179850 ,6      ,0
 179850 ,7      ,1
 179900 ,2      ,1
 179900 ,8      ,1
 179950 ,3      ,1
 179950 ,6      ,1
 180000 ,4      ,1
 180050 ,5      ,1
 180050 ,6      ,0
 180050 ,7      ,0
 180300 ,6      ,1
 180300 ,7      ,1
 181100 ,1      ,0
 181100 ,2      ,0
 181100 ,3      ,0
 181100 ,4      ,0
 181100 ,5      ,0
 181100 ,6      ,0
 181100 ,7      ,0
 181100 ,8      ,0
 181250 ,6      ,1
 181450 ,6      ,0
 181450 ,7      ,1
 181700 ,7      ,0
 181700 ,8      ,1
 181900 ,6      ,1
 181900 ,8      ,0
 182100 ,6      ,0
 182100 ,7      ,1
 182300 ,7      ,0
 182300 ,8      ,1
 182450 ,6      ,1
 182450 ,8      ,0
 182750 ,1      ,1
 182750 ,6      ,0
 182800 ,2      ,1
 182850 ,3      ,1
 182900 ,4      ,1
 182950 ,5      ,1
 183400 ,1      ,0
 183400 ,2      ,0
 183400 ,3      ,0
 183400 ,4      ,0
 183400 ,5      ,0
 183500 ,1      ,1
 183500 ,2      ,1
 183500 ,3      ,1
 183500 ,4      ,1
 183500 ,5      ,1
 183900 ,1      ,0
 183900 ,2      ,0
 183900 ,3      ,0
 183900 ,4      ,0
 183900 ,5      ,0
 184050 ,2      ,1
 184050 ,4      ,1
 184200 ,2      ,0
 184200 ,3      ,1
 184200 ,4      ,0
 184200 ,5      ,1
 184300 ,1      ,1
 184300 ,5      ,0
 184650 ,1      ,0
 184650 ,3      ,0
 184700 ,2      ,1
 184700 ,3      ,1
 184700 ,4      ,1
 185000 ,2      ,0
 185000 ,3      ,0
 185000 ,4      ,0
 185100 ,6      ,1
 185100 ,7      ,1
 185100 ,8      ,1
 185700 ,6      ,0
 185700 ,7      ,0
 185700 ,8      ,0
 185900 ,6      ,1
 186300 ,2      ,1
 186300 ,4      ,1
 186500 ,1      ,1
 186500 ,2      ,0
 186500 ,3      ,1
 186500 ,4      ,0
 186750 ,1      ,0
 186750 ,2      ,1
 186750 ,3      ,0
 186750 ,4      ,1
 186750 ,6      ,0
 186750 ,7      ,1
 186750 ,8      ,1
 187150 ,2      ,0
 187150 ,3      ,1
 187150 ,4      ,0
 187150 ,5      ,1
 187350 ,5      ,0
 187400 ,2      ,1
 187400 ,4      ,1
 187450 ,1      ,1
 187450 ,5      ,1
 187550 ,6      ,1
 187550 ,7      ,0
 187550 ,8      ,0
 188400 ,1      ,0
 188400 ,2      ,0
 188400 ,3      ,0
 188400 ,4      ,0
 188400 ,5      ,0
 188400 ,6      ,0
 189150 ,7      ,1
 189450 ,2      ,1
 189450 ,4      ,1
 189950 ,1      ,1
 189950 ,2      ,0
 189950 ,3      ,1
 189950 ,4      ,0
 189950 ,6      ,1
 189950 ,7      ,0
 190550 ,1      ,0
 190550 ,5      ,1
 190550 ,7      ,1
 190750 ,2      ,1
 190750 ,3      ,0
 190750 ,4      ,1
 190750 ,5      ,0
 190750 ,7      ,0
 190750 ,8      ,1
 190950 ,1      ,1
 190950 ,2      ,0
 190950 ,3      ,1
 190950 ,4      ,0
 191600 ,1      ,0
 191600 ,3      ,0
 191950 ,1      ,1
 191950 ,2      ,1
 191950 ,3      ,1
 191950 ,4      ,1
 191950 ,5      ,1
 192300 ,6      ,0
 192300 ,8      ,0
 192350 ,5      ,0
 192400 ,4      ,0
 192450 ,3      ,0
 192450 ,5      ,1
 192500 ,2      ,0
 192500 ,4      ,1
 192550 ,1      ,0
 192550 ,3      ,1
 192600 ,2      ,1
 192650 ,1      ,1
 193300 ,1      ,0
 193300 ,2      ,0
 193300 ,3      ,0
 193300 ,4      ,0
 193300 ,5      ,0
 193550 ,8      ,1
 193600 ,7      ,1
 193650 ,6      ,1
 193700 ,5      ,1
 193750 ,4      ,1
 193800 ,3      ,1
 193850 ,2      ,1
 193900 ,1      ,1
 194350 ,6      ,0
 194350 ,7      ,0
 194350 ,8      ,0
 194550 ,6      ,1
 194550 ,7      ,1
 194550 ,8      ,1
 194600 ,1      ,0
 194600 ,2      ,0
 194600 ,3      ,0
 194600 ,4      ,0
 194600 ,6      ,0
 194600 ,7      ,0
 194600 ,8      ,0
 194650 ,4      ,1
 194700 ,3      ,1
 194750 ,1      ,1
 194750 ,2      ,1
 194950 ,6      ,1
 194950 ,7      ,1
 194950 ,8      ,1
 195050 ,6      ,0
 195050 ,7      ,0
 195050 ,8      ,0
 195150 ,6      ,1
 195150 ,7      ,1
 195150 ,8      ,1
 195250 ,6      ,0
 195250 ,7      ,0
 195250 ,8      ,0
 195500 ,1      ,0
 195500 ,2      ,0
 195500 ,3      ,0
 195500 ,4      ,0
 195500 ,5      ,0
 195600 ,2      ,1
 195600 ,3      ,1
 195600 ,6      ,1
 195600 ,7      ,1
 195600 ,8      ,1
 195700 ,6      ,0
 195700 ,7      ,0
 195700 ,8      ,0
 195950 ,2      ,0
 195950 ,4      ,1
 196250 ,3      ,0
 196250 ,5      ,1
 196750 ,4      ,0
 196750 ,5      ,0
 196750 ,6      ,1
 196750 ,7      ,1
 196750 ,8      ,1
 196850 ,6      ,0
 196850 ,7      ,0
 196850 ,8      ,0
 196950 ,6      ,1
 196950 ,7      ,1
 196950 ,8      ,1
 197050 ,6      ,0
 197050 ,7      ,0
 197050 ,8      ,0
 197250 ,1      ,1
 197250 ,2      ,1
 197250 ,3      ,1
 197250 ,4      ,1
 197250 ,5      ,1
 197250 ,6      ,1
 197450 ,6      ,0
 197450 ,7      ,1
 197500 ,1      ,0
 197500 ,2      ,0
 197500 ,3      ,0
 197500 ,4      ,0
 197500 ,5      ,0
 197600 ,1      ,1
 197600 ,2      ,1
 197600 ,3      ,1
 197600 ,4      ,1
 197600 ,5      ,1
 197650 ,6      ,1
 197850 ,8      ,1
 197950 ,1      ,0
 197950 ,2      ,0
 197950 ,3      ,0
 197950 ,4      ,0
 197950 ,5      ,0
 198050 ,1      ,1
 198050 ,2      ,1
 198050 ,3      ,1
 198050 ,4      ,1
 198050 ,5      ,1
 198050 ,7      ,0
 198050 ,8      ,0
 198250 ,6      ,0
 198250 ,7      ,1
 198450 ,6      ,1
 198650 ,8      ,1
 198750 ,1      ,0
 198750 ,2      ,0
 198750 ,3      ,0
 198750 ,4      ,0
 198750 ,5      ,0
 198850 ,1      ,1
 198850 ,2      ,1
 198850 ,3      ,1
 198850 ,4      ,1
 198850 ,5      ,1
 198850 ,7      ,0
 198850 ,8      ,0
 198950 ,1      ,0
 198950 ,2      ,0
 198950 ,3      ,0
 198950 ,4      ,0
 198950 ,5      ,0
 199050 ,1      ,1
 199050 ,2      ,1
 199050 ,3      ,1
 199050 ,4      ,1
 199050 ,5      ,1
 199050 ,6      ,0
 199050 ,7      ,1
 199250 ,6      ,1
 199450 ,8      ,1
 199550 ,1      ,0
 199550 ,2      ,0
 199550 ,3      ,0
 199550 ,4      ,0
 199550 ,5      ,0
 199650 ,1      ,1
 199650 ,2      ,1
 199650 ,3      ,1
 199650 ,4      ,1
 199650 ,5      ,1
 199650 ,7      ,0
 199650 ,8      ,0
 199850 ,6      ,0
 199850 ,7      ,1
 200050 ,6      ,1
 200250 ,8      ,1
 200350 ,1      ,0
 200350 ,2      ,0
 200350 ,3      ,0
 200350 ,4      ,0
 200350 ,5      ,0
 200450 ,1      ,1
 200450 ,3      ,1
 200450 ,7      ,0
 200450 ,8      ,0
 200650 ,6      ,0
 200650 ,7      ,1
 200850 ,6      ,1
 200900 ,1      ,0
 200900 ,2      ,1
 200900 ,3      ,0
 200900 ,4      ,1
 201050 ,8      ,1
 201250 ,2      ,0
 201250 ,3      ,1
 201250 ,4      ,0
 201250 ,5      ,1
 201250 ,7      ,0
 201250 ,8      ,0
 201450 ,6      ,0
 201450 ,7      ,1
 201650 ,2      ,1
 201650 ,3      ,0
 201650 ,4      ,1
 201650 ,5      ,0
 201650 ,6      ,1
 201850 ,8      ,1
 202000 ,4      ,0
 202000 ,6      ,0
 202000 ,7      ,0
 202200 ,2      ,0
 202200 ,3      ,1
 202400 ,3      ,0
 202400 ,4      ,1
 202400 ,6      ,1
 202600 ,4      ,0
 202600 ,5      ,1
 202850 ,2      ,1
 202850 ,5      ,0
 203050 ,2      ,0
 203050 ,3      ,1
 203250 ,3      ,0
 203250 ,4      ,1
 203450 ,4      ,0
 203450 ,5      ,1
 203600 ,6      ,0
 203600 ,7      ,1
 203600 ,8      ,0
 203700 ,1      ,1
 203700 ,5      ,0
 203850 ,1      ,0
 203850 ,2      ,1
 204050 ,2      ,0
 204050 ,3      ,1
 204300 ,3      ,0
 204300 ,4      ,1
 204400 ,6      ,1
 204400 ,7      ,0
 204400 ,8      ,1
 204450 ,1      ,1
 204450 ,4      ,0
 204650 ,1      ,0
 204650 ,2      ,1
 204800 ,6      ,0
 204850 ,2      ,0
 204850 ,3      ,1
 205050 ,3      ,0
 205050 ,4      ,1
 205200 ,6      ,1
 205200 ,7      ,1
 205200 ,8      ,0
 205250 ,1      ,1
 205250 ,4      ,0
 205450 ,1      ,0
 205450 ,2      ,1
 205600 ,7      ,0
 205650 ,2      ,0
 205650 ,3      ,1
 205800 ,6      ,0
 205800 ,8      ,1
 205850 ,3      ,0
 205850 ,4      ,1
 206050 ,1      ,1
 206050 ,4      ,0
 206050 ,7      ,1
 206050 ,8      ,0
 206250 ,1      ,0
 206250 ,2      ,1
 206450 ,2      ,0
 206450 ,3      ,1
 206650 ,3      ,0
 206650 ,4      ,1
 206800 ,1      ,1
 206800 ,4      ,0
 206800 ,8      ,1
 207000 ,1      ,0
 207000 ,2      ,1
 207200 ,2      ,0
 207200 ,3      ,1
 207400 ,3      ,0
 207400 ,4      ,1
 207400 ,7      ,0
 207600 ,1      ,1
 207600 ,4      ,0
 207650 ,6      ,1
 207650 ,7      ,1
 207650 ,8      ,0
 207800 ,1      ,0
 207800 ,2      ,1
 208000 ,2      ,0
 208000 ,3      ,1
 208200 ,3      ,0
 208200 ,4      ,1
 208350 ,6      ,0
 208350 ,7      ,0
 208450 ,4      ,0
 208450 ,6      ,1
 208450 ,7      ,1
 208450 ,8      ,1
 208550 ,1      ,1
 208550 ,6      ,0
 208550 ,7      ,0
 208550 ,8      ,0
 208650 ,2      ,1
 208650 ,6      ,1
 208650 ,7      ,1
 208650 ,8      ,1
 208750 ,3      ,1
 208750 ,6      ,0
 208750 ,7      ,0
 208750 ,8      ,0
 208850 ,1      ,0
 208850 ,4      ,1
 208850 ,6      ,1
 208850 ,7      ,1
 208850 ,8      ,1
 208950 ,2      ,0
 208950 ,6      ,0
 208950 ,7      ,0
 208950 ,8      ,0
 209050 ,3      ,0
 209050 ,6      ,1
 209050 ,7      ,1
 209050 ,8      ,1
 209150 ,4      ,0
 209150 ,6      ,0
 209150 ,7      ,0
 209150 ,8      ,0
 209250 ,6      ,1
 209250 ,7      ,1
 209250 ,8      ,1
 209350 ,2      ,1
 209350 ,6      ,0
 209350 ,7      ,0
 209350 ,8      ,0
 209450 ,3      ,1
 209450 ,6      ,1
 209450 ,7      ,1
 209450 ,8      ,1
 209550 ,4      ,1
 209550 ,6      ,0
 209550 ,7      ,0
 209550 ,8      ,0
 209650 ,2      ,0
 209650 ,5      ,1
 209750 ,3      ,0
 209850 ,4      ,0
 209950 ,5      ,0
 210150 ,1      ,1
 210150 ,3      ,1
 210150 ,6      ,1
 210350 ,7      ,1
 210500 ,1      ,0
 210500 ,2      ,1
 210500 ,3      ,0
 210500 ,4      ,1
 210550 ,7      ,0
 210550 ,8      ,1
 210750 ,7      ,1
 210750 ,8      ,0
 210800 ,2      ,0
 210800 ,3      ,1
 210800 ,4      ,0
 210800 ,5      ,1
 210950 ,6      ,0
 210950 ,7      ,0
 210950 ,8      ,1
 211150 ,7      ,1
 211150 ,8      ,0
 211350 ,7      ,0
 211350 ,8      ,1
 211550 ,6      ,1
 211550 ,8      ,0
 211750 ,1      ,1
 211750 ,5      ,0
 211750 ,6      ,0
 211750 ,7      ,1
 211950 ,6      ,1
 211950 ,7      ,0
 212050 ,1      ,0
 212050 ,2      ,1
 212050 ,3      ,0
 212050 ,4      ,1
 212150 ,6      ,0
 212150 ,8      ,1
 212350 ,7      ,1
 212350 ,8      ,0
 212550 ,6      ,1
 212550 ,7      ,0
 212750 ,6      ,0
 212750 ,7      ,1
 212850 ,2      ,0
 212850 ,3      ,1
 212850 ,4      ,0
 212850 ,5      ,1
 212950 ,7      ,0
 212950 ,8      ,1
 213150 ,7      ,1
 213150 ,8      ,0
 213350 ,1      ,1
 213350 ,5      ,0
 213350 ,7      ,0
 213350 ,8      ,1
 213550 ,7      ,1
 213550 ,8      ,0
 213750 ,6      ,1
 213750 ,7      ,0
 213800 ,1      ,0
 213800 ,2      ,1
 213800 ,3      ,0
 213800 ,4      ,1
 213800 ,5      ,1
 213950 ,6      ,0
 213950 ,7      ,1
 214150 ,1      ,1
 214150 ,2      ,0
 214150 ,3      ,1
 214150 ,4      ,0
 214150 ,5      ,0
 214150 ,7      ,0
 214150 ,8      ,1
 214350 ,7      ,1
 214350 ,8      ,0
 214550 ,1      ,0
 214550 ,2      ,1
 214550 ,3      ,0
 214550 ,4      ,1
 214550 ,5      ,1
 214550 ,6      ,1
 214550 ,7      ,0
 214750 ,6      ,0
 214750 ,7      ,1
 215000 ,4      ,0
 215000 ,5      ,0
 215000 ,7      ,0
 215000 ,8      ,1
 215200 ,2      ,0
 215200 ,3      ,1
 215400 ,3      ,0
 215400 ,4      ,1
 215400 ,6      ,1
 215600 ,4      ,0
 215600 ,5      ,1
 215800 ,2      ,1
 215800 ,5      ,0
 216000 ,2      ,0
 216000 ,3      ,1
 216200 ,3      ,0
 216200 ,4      ,1
 216400 ,4      ,0
 216400 ,5      ,1
 216600 ,1      ,1
 216600 ,5      ,0
 216600 ,6      ,0
 216600 ,7      ,1
 216600 ,8      ,0
 216800 ,1      ,0
 216800 ,2      ,1
 217000 ,2      ,0
 217000 ,3      ,1
 217200 ,3      ,0
 217200 ,4      ,1
 217400 ,1      ,1
 217400 ,4      ,0
 217400 ,6      ,1
 217400 ,7      ,0
 217400 ,8      ,1
 217600 ,1      ,0
 217600 ,2      ,1
 217800 ,2      ,0
 217800 ,3      ,1
 217800 ,6      ,0
 218000 ,3      ,0
 218000 ,4      ,1
 218200 ,1      ,1
 218200 ,4      ,0
 218200 ,6      ,1
 218200 ,7      ,1
 218200 ,8      ,0
 218400 ,1      ,0
 218400 ,2      ,1
 218600 ,2      ,0
 218600 ,3      ,1
 218600 ,7      ,0
 218800 ,3      ,0
 218800 ,4      ,1
 218800 ,6      ,0
 218800 ,8      ,1
 219000 ,1      ,1
 219000 ,4      ,0
 219050 ,7      ,1
 219050 ,8      ,0
 219200 ,1      ,0
 219200 ,2      ,1
 219400 ,2      ,0
 219400 ,3      ,1
 219600 ,3      ,0
 219600 ,4      ,1
 219800 ,1      ,1
 219800 ,4      ,0
 219800 ,8      ,1
 220000 ,1      ,0
 220000 ,2      ,1
 220200 ,2      ,0
 220200 ,3      ,1
 220400 ,3      ,0
 220400 ,4      ,1
 220400 ,7      ,0
 220600 ,1      ,1
 220600 ,4      ,0
 220650 ,6      ,1
 220650 ,7      ,1
 220650 ,8      ,0
 220800 ,1      ,0
 220800 ,2      ,1
 221000 ,2      ,0
 221000 ,3      ,1
 221200 ,3      ,0
 221200 ,4      ,1
 221400 ,2      ,1
 221400 ,4      ,0
 221450 ,6      ,0
 221450 ,8      ,1
 221600 ,2      ,0
 221600 ,3      ,1
 221650 ,6      ,1
 221650 ,8      ,0
 221800 ,3      ,0
 221800 ,4      ,1
 222000 ,4      ,0
 222000 ,5      ,1
 222050 ,6      ,0
 222050 ,8      ,1
 222150 ,7      ,0
 222200 ,2      ,1
 222200 ,5      ,0
 222250 ,6      ,1
 222250 ,7      ,1
 222250 ,8      ,0
 222400 ,2      ,0
 222400 ,3      ,1
 222450 ,6      ,0
 222450 ,7      ,0
 222450 ,8      ,1
 222600 ,3      ,0
 222600 ,4      ,1
 222650 ,6      ,1
 222650 ,7      ,1
 222800 ,4      ,0
 222800 ,5      ,1
 222850 ,6      ,0
 222850 ,7      ,0
 223000 ,1      ,1
 223000 ,5      ,0
 223050 ,8      ,0
 223200 ,1      ,0
 223200 ,2      ,1
 223400 ,2      ,0
 223400 ,3      ,1
 223600 ,3      ,0
 223600 ,4      ,1
 223800 ,1      ,1
 223800 ,4      ,0
 224000 ,1      ,0
 224000 ,2      ,1
 224200 ,2      ,0
 224200 ,3      ,1
 224400 ,3      ,0
 224400 ,4      ,1
 224600 ,4      ,0
 224650 ,3      ,1
 225450 ,3      ,0
 225450 ,4      ,1
 225850 ,3      ,1
 225850 ,4      ,0
 226250 ,1      ,1
 226250 ,6      ,1
 226250 ,7      ,1
 226600 ,1      ,0
 226600 ,2      ,1
 226600 ,3      ,0
 226600 ,4      ,1
 227050 ,2      ,0
 227050 ,3      ,1
 227050 ,4      ,0
 227050 ,5      ,1
 227050 ,6      ,0
 227850 ,1      ,1
 227850 ,5      ,0
 227850 ,7      ,0
 227850 ,8      ,1
 228050 ,1      ,0
 228050 ,2      ,1
 228050 ,3      ,0
 228050 ,4      ,1
 228650 ,2      ,0
 228650 ,3      ,1
 228650 ,4      ,0
 228650 ,5      ,1
 228650 ,7      ,1
 228650 ,8      ,0
 229450 ,1      ,1
 229450 ,5      ,0
 229500 ,6      ,1
 229500 ,7      ,0
 229900 ,1      ,0
 229900 ,2      ,1
 229900 ,3      ,0
 229900 ,4      ,1
 229900 ,5      ,1
 230100 ,6      ,0
 230100 ,8      ,1
 230250 ,1      ,1
 230250 ,2      ,0
 230250 ,3      ,1
 230250 ,4      ,0
 230250 ,5      ,0
 230250 ,7      ,1
 230250 ,8      ,0
 230650 ,1      ,0
 230650 ,2      ,1
 230650 ,3      ,0
 230650 ,4      ,1
 230650 ,5      ,1
 231100 ,2      ,0
 231100 ,4      ,0
 231100 ,5      ,0
 231100 ,7      ,0
 231100 ,8      ,1
 231500 ,6      ,1
 231900 ,5      ,1
 232250 ,4      ,1
 232400 ,5      ,0
 232700 ,3      ,1
 232700 ,6      ,0
 232700 ,7      ,1
 232700 ,8      ,0
 232850 ,4      ,0
 233050 ,2      ,1
 233050 ,3      ,0
 233400 ,2      ,0
 233500 ,2      ,1
 233500 ,6      ,1
 233500 ,7      ,0
 233500 ,8      ,1
 233900 ,6      ,0
 234000 ,2      ,0
 234300 ,6      ,1
 234300 ,7      ,1
 234300 ,8      ,0
 234700 ,7      ,0
 234900 ,6      ,0
 234900 ,8      ,1
 235150 ,4      ,1
 235150 ,7      ,1
 235150 ,8      ,0
 235450 ,3      ,1
 235600 ,4      ,0
 235900 ,2      ,1
 235900 ,8      ,1
 236050 ,3      ,0
 236100 ,1      ,1
 236250 ,2      ,0
 236500 ,7      ,0
 236650 ,1      ,0
 236750 ,1      ,1
 236750 ,6      ,1
 236750 ,7      ,1
 236750 ,8      ,0
 237450 ,1      ,0
 237450 ,6      ,0
 237450 ,7      ,0
 237550 ,1      ,1
 237550 ,6      ,1
 237550 ,7      ,1
 237550 ,8      ,1
 237650 ,2      ,1
 237650 ,6      ,0
 237650 ,7      ,0
 237650 ,8      ,0
 237750 ,3      ,1
 237750 ,6      ,1
 237750 ,7      ,1
 237750 ,8      ,1
 237850 ,1      ,0
 237850 ,4      ,1
 237850 ,6      ,0
 237850 ,7      ,0
 237850 ,8      ,0
 237950 ,2      ,0
 238050 ,3      ,0
 238150 ,4      ,0
 238150 ,6      ,1
 238150 ,7      ,1
 238150 ,8      ,1
 238250 ,6      ,0
 238250 ,7      ,0
 238250 ,8      ,0
 238350 ,2      ,1
 238350 ,6      ,1
 238350 ,7      ,1
 238350 ,8      ,1
 238450 ,3      ,1
 238450 ,6      ,0
 238450 ,7      ,0
 238450 ,8      ,0
 238550 ,4      ,1
 238550 ,6      ,1
 238550 ,7      ,1
 238550 ,8      ,1
 238650 ,2      ,0
 238650 ,5      ,1
 238650 ,6      ,0
 238650 ,7      ,0
 238650 ,8      ,0
 238750 ,3      ,0
 238750 ,6      ,1
 238750 ,7      ,1
 238750 ,8      ,1
 238850 ,4      ,0
 238950 ,5      ,0
 238950 ,6      ,0
 238950 ,7      ,0
 238950 ,8      ,0
 239150 ,1      ,1
 239150 ,3      ,1
 239150 ,6      ,1
 239150 ,7      ,1
 239500 ,1      ,0
 239500 ,2      ,1
 239500 ,3      ,0
 239500 ,4      ,1
 239800 ,2      ,0
 239800 ,3      ,1
 239800 ,4      ,0
 239800 ,5      ,1
 239950 ,6      ,0
 240750 ,1      ,1
 240750 ,5      ,0
 240750 ,7      ,0
 240750 ,8      ,1
 241050 ,1      ,0
 241050 ,2      ,1
 241050 ,3      ,0
 241050 ,4      ,1
 241550 ,7      ,1
 241550 ,8      ,0
 241850 ,2      ,0
 241850 ,3      ,1
 241850 ,4      ,0
 241850 ,5      ,1
 242350 ,1      ,1
 242350 ,5      ,0
 242400 ,6      ,1
 242400 ,7      ,0
 242800 ,1      ,0
 242800 ,2      ,1
 242800 ,3      ,0
 242800 ,4      ,1
 242800 ,5      ,1
 243000 ,6      ,0
 243000 ,8      ,1
 243150 ,1      ,1
 243150 ,2      ,0
 243150 ,3      ,1
 243150 ,4      ,0
 243150 ,5      ,0
 243150 ,7      ,1
 243150 ,8      ,0
 243550 ,1      ,0
 243550 ,2      ,1
 243550 ,3      ,0
 243550 ,4      ,1
 243550 ,5      ,1
 244000 ,2      ,0
 244000 ,4      ,0
 244000 ,5      ,0
 244000 ,7      ,0
 244000 ,8      ,1
 244400 ,6      ,1
 244800 ,5      ,1
 245000 ,4      ,1
 245300 ,5      ,0
 245500 ,3      ,1
 245600 ,4      ,0
 245600 ,6      ,0
 245600 ,7      ,1
 245600 ,8      ,0
 245650 ,2      ,1
 245650 ,3      ,0
 246200 ,2      ,0
 246300 ,2      ,1
 246400 ,6      ,1
 246400 ,7      ,0
 246400 ,8      ,1
 246800 ,6      ,0
 246900 ,2      ,0
 247150 ,1      ,1
 247150 ,2      ,1
 247150 ,3      ,1
 247150 ,4      ,1
 247150 ,5      ,1
 247150 ,8      ,0
 247250 ,1      ,0
 247250 ,2      ,0
 247250 ,3      ,0
 247250 ,4      ,0
 247250 ,5      ,0
 247350 ,1      ,1
 247350 ,2      ,1
 247350 ,3      ,1
 247350 ,4      ,1
 247350 ,5      ,1
 247450 ,1      ,0
 247450 ,2      ,0
 247450 ,3      ,0
 247450 ,4      ,0
 247450 ,5      ,0
 247550 ,1      ,1
 247550 ,2      ,1
 247550 ,3      ,1
 247550 ,4      ,1
 247550 ,5      ,1
 247650 ,1      ,0
 247650 ,2      ,0
 247650 ,3      ,0
 247650 ,4      ,0
 247650 ,5      ,0
 248000 ,6      ,1
 248000 ,7      ,1
 248000 ,8      ,1
 248100 ,6      ,0
 248100 ,7      ,0
 248100 ,8      ,0
 248150 ,6      ,1
 248150 ,7      ,1
 248150 ,8      ,1
 248250 ,6      ,0
 248250 ,7      ,0
 248250 ,8      ,0
 248300 ,6      ,1
 248300 ,7      ,1
 248300 ,8      ,1
 248400 ,6      ,0
 248400 ,7      ,0
 248400 ,8      ,0
 248800 ,2      ,1
 248800 ,3      ,1
 248800 ,7      ,1
 248800 ,8      ,1
 248950 ,3      ,0
 249000 ,1      ,1
 249150 ,2      ,0
 249400 ,7      ,0
 249550 ,1      ,0
 249650 ,1      ,1
 249650 ,6      ,1
 249650 ,7      ,1
 249650 ,8      ,0
 249850 ,1      ,0
 249950 ,1      ,1
 250150 ,1      ,0
 250250 ,1      ,1
 250450 ,6      ,0
 250450 ,8      ,1
 250650 ,6      ,1
 250650 ,8      ,0
 250800 ,3      ,1
 251050 ,6      ,0
 251050 ,8      ,1
 251150 ,7      ,0
 251250 ,5      ,1
 251250 ,6      ,1
 251250 ,7      ,1
 251250 ,8      ,0
 251450 ,6      ,0
 251450 ,7      ,0
 251450 ,8      ,1
 251600 ,2      ,1
 251650 ,6      ,1
 251650 ,7      ,1
 251850 ,6      ,0
 251850 ,7      ,0
 252050 ,4      ,1
 252050 ,8      ,0
 253000 ,1      ,0
 253050 ,2      ,0
 253100 ,3      ,0
 253150 ,4      ,0
 253200 ,1      ,1
 253200 ,5      ,0
 253600 ,6      ,1
 253800 ,6      ,0
 253800 ,7      ,1
 254200 ,1      ,0
 254200 ,2      ,1
 254200 ,7      ,0
 254200 ,8      ,1
 254400 ,2      ,0
 254400 ,3      ,1
 254400 ,6      ,1
 254400 ,8      ,0
 254600 ,3      ,0
 254600 ,4      ,1
 254600 ,6      ,0
 254600 ,7      ,1
 254800 ,4      ,0
 254800 ,5      ,1
 254800 ,6      ,1
 254800 ,7      ,0
 255000 ,6      ,0
 255000 ,8      ,1
 255200 ,6      ,1
 255200 ,7      ,1
 255250 ,4      ,1
 255250 ,6      ,0
 255250 ,7      ,0
 255250 ,8      ,0
 255300 ,3      ,1
 255350 ,2      ,1
 255400 ,1      ,1
 255450 ,1      ,0
 255450 ,2      ,0
 255450 ,3      ,0
 255450 ,4      ,0
 255450 ,5      ,0
 255650 ,3      ,1
 255650 ,4      ,1
 256050 ,2      ,1
 256050 ,4      ,0
 256500 ,1      ,1
 256500 ,3      ,0
 256850 ,1      ,0
 256850 ,2      ,0
 256850 ,4      ,1
 256850 ,5      ,1
 257300 ,3      ,1
 257300 ,5      ,0
 257700 ,2      ,1
 257700 ,4      ,0
 258200 ,1      ,1
 258200 ,3      ,0
 258600 ,1      ,0
 258600 ,2      ,0
 258600 ,5      ,1
 259050 ,4      ,1
 259050 ,5      ,0
 259500 ,3      ,1
 259500 ,4      ,0
 260050 ,2      ,1
 260050 ,3      ,0
 260650 ,1      ,1
 260650 ,2      ,0
 260700 ,2      ,1
 260750 ,3      ,1
 260800 ,4      ,1
 260850 ,5      ,1
 260900 ,6      ,1
 260950 ,7      ,1
 261000 ,8      ,1
 261050 ,1      ,0
 261100 ,2      ,0
 261150 ,3      ,0
 261200 ,4      ,0
 261250 ,5      ,0
 261300 ,6      ,0
 261350 ,7      ,0
 261400 ,8      ,0
 269850 ,1      ,0
 269850 ,2      ,0
 269850 ,3      ,0
 269850 ,4      ,0
 269850 ,5      ,0
 269850 ,6      ,0
 269850 ,7      ,0
 269850 ,8      ,0
 269880 ,END     ,1
