TIME(MS),COMMAND,VALUE
 006300 ,1      ,1
 006700 ,6      ,1
 008100 ,2      ,1
 008600 ,7      ,1
 009750 ,3      ,1
 009950 ,4      ,1
 010200 ,5      ,1
 010550 ,8      ,1
 011600 ,2      ,0
 011600 ,4      ,0
 011600 ,6      ,0
 012350 ,5      ,0
 012350 ,8      ,0
 012900 ,3      ,0
 012900 ,7      ,0
 013600 ,1      ,0
 013850 ,5      ,1
 014050 ,3      ,1
 014250 ,1      ,1
 014500 ,2      ,1
 015000 ,4      ,1
 015650 ,1      ,0
 015650 ,2      ,0
 015650 ,3      ,0
 015650 ,4      ,0
 015850 ,3      ,1
 016100 ,1      ,1
 016350 ,2      ,1
 016750 ,4      ,1
 017450 ,1      ,0
 017450 ,2      ,0
 017450 ,3      ,0
 017450 ,4      ,0
 017650 ,3      ,1
 017900 ,1      ,1
 018150 ,2      ,1
 018550 ,4      ,1
 019050 ,1      ,0
 019050 ,2      ,0
 019050 ,3      ,0
 019050 ,4      ,0
 019300 ,1      ,1
 019300 ,5      ,0
 019500 ,1      ,0
 019500 ,5      ,1
 019700 ,5      ,0
 019750 ,5      ,1
 020000 ,1      ,1
 020200 ,2      ,1
 020400 ,3      ,1
 020650 ,4      ,1
 020850 ,6      ,1
 021100 ,1      ,0
 021100 ,2      ,0
 021100 ,3      ,0
 021100 ,4      ,0
 021100 ,6      ,0
 021300 ,3      ,1
 021500 ,1      ,1
 021750 ,2      ,1
 022250 ,4      ,1
 022900 ,1      ,0
 022900 ,2      ,0
 022900 ,3      ,0
 022900 ,4      ,0
 023100 ,3      ,1
 023350 ,1      ,1
 023600 ,2      ,1
 024100 ,4      ,1
 024700 ,1      ,0
 024700 ,2      ,0
 024700 ,3      ,0
 024700 ,4      ,0
 025000 ,3      ,1
 025200 ,1      ,1
 025450 ,2      ,1
 025950 ,4      ,1
 026400 ,1      ,0
 026400 ,2      ,0
 026400 ,3      ,0
 026400 ,4      ,0
 026650 ,1      ,1
 026650 ,5      ,0
 026850 ,1      ,0
 026850 ,5      ,1
 027050 ,5      ,0
 027100 ,5      ,1
 027350 ,1      ,1
 027550 ,2      ,1
 027750 ,3      ,1
 028000 ,4      ,1
 028350 ,6      ,1
 028500 ,1      ,0
 028500 ,2      ,0
 028500 ,3      ,0
 028500 ,4      ,0
 028550 ,6      ,0
 028550 ,7      ,1
 028700 ,3      ,1
 028900 ,1      ,1
 028950 ,7      ,0
 028950 ,8      ,1
 029150 ,2      ,1
 029600 ,8      ,0
 029650 ,4      ,1
 030050 ,6      ,1
 030250 ,6      ,0
 030250 ,7      ,1
 030300 ,1      ,0
 030300 ,2      ,0
 030300 ,3      ,0
 030300 ,4      ,0
 030500 ,3      ,1
 030500 ,7      ,0
 030500 ,8      ,1
 030700 ,6      ,1
 030750 ,1      ,1
 031000 ,2      ,1
 031250 ,6      ,0
 031250 ,8      ,0
 031400 ,4      ,1
 032000 ,6      ,1
 032100 ,1      ,0
 032100 ,2      ,0
 032100 ,3      ,0
 032100 ,4      ,0
 032300 ,3      ,1
 032350 ,6      ,0
 032350 ,7      ,1
 032550 ,1      ,1
 032550 ,7      ,0
 032550 ,8      ,1
 032800 ,2      ,1
 033200 ,4      ,1
 033500 ,7      ,1
 033500 ,8      ,0
 033700 ,1      ,0
 033700 ,2      ,0
 033700 ,3      ,0
 033700 ,4      ,0
 033700 ,6      ,1
 033700 ,7      ,0
 033950 ,1      ,1
 033950 ,5      ,0
 034000 ,6      ,0
 034150 ,1      ,0
 034150 ,5      ,1
 034350 ,5      ,0
 034400 ,5      ,1
 034650 ,1      ,1
 034850 ,2      ,1
 035050 ,3      ,1
 035300 ,4      ,1
 035750 ,1      ,0
 035750 ,2      ,0
 035750 ,3      ,0
 035750 ,4      ,0
 035750 ,6      ,1
 035950 ,3      ,1
 036000 ,6      ,0
 036000 ,7      ,1
 036150 ,1      ,1
 036200 ,7      ,0
 036200 ,8      ,1
 036400 ,2      ,1
 036900 ,4      ,1
 037300 ,7      ,1
 037300 ,8      ,0
 037550 ,1      ,0
 037550 ,2      ,0
 037550 ,3      ,0
 037550 ,4      ,0
 037600 ,6      ,1
 037600 ,7      ,0
 037750 ,3      ,1
 037800 ,6      ,0
 037800 ,7      ,1
 038000 ,1      ,1
 038050 ,7      ,0
 038050 ,8      ,1
 038250 ,2      ,1
 038750 ,4      ,1
 038950 ,8      ,0
 039200 ,6      ,1
 039350 ,1      ,0
 039350 ,2      ,0
 039350 ,3      ,0
 039350 ,4      ,0
 039400 ,6      ,0
 039400 ,7      ,1
 039650 ,3      ,1
 039650 ,7      ,0
 039650 ,8      ,1
 039850 ,1      ,1
 039900 ,7      ,1
 039900 ,8      ,0
 040100 ,2      ,1
 040550 ,7      ,0
 040600 ,4      ,1
 040650 ,6      ,1
 040650 ,8      ,1
 041050 ,1      ,0
 041050 ,2      ,0
 041050 ,3      ,0
 041050 ,4      ,0
 041050 ,6      ,0
 041050 ,7      ,1
 041300 ,1      ,1
 041300 ,5      ,0
 041500 ,1      ,0
 041500 ,5      ,1
 041550 ,7      ,0
 041550 ,8      ,0
 041700 ,5      ,0
 041750 ,5      ,1
 042000 ,1      ,1
 042200 ,2      ,1
 042400 ,3      ,1
 042650 ,4      ,1
 042900 ,6      ,1
 043050 ,6      ,0
 043050 ,7      ,1
 043150 ,1      ,0
 043150 ,2      ,0
 043150 ,3      ,0
 043150 ,4      ,0
 043250 ,7      ,0
 043250 ,8      ,1
 043350 ,4      ,1
 043500 ,6      ,1
 043500 ,8      ,0
 043550 ,3      ,1
 043800 ,2      ,1
 043950 ,6      ,0
 044300 ,1      ,1
 044700 ,7      ,1
 044950 ,1      ,0
 044950 ,2      ,0
 044950 ,3      ,0
 044950 ,4      ,0
 044950 ,6      ,1
 044950 ,7      ,0
 045150 ,4      ,1
 045150 ,6      ,0
 045150 ,8      ,1
 045400 ,3      ,1
 045450 ,6      ,1
 045450 ,8      ,0
 045650 ,2      ,1
 046050 ,1      ,1
 046050 ,6      ,0
 046750 ,1      ,0
 046750 ,2      ,0
 046750 ,3      ,0
 046750 ,4      ,0
 046750 ,7      ,1
 046950 ,4      ,1
 047000 ,7      ,0
 047000 ,8      ,1
 047200 ,3      ,1
 047250 ,7      ,1
 047250 ,8      ,0
 047450 ,2      ,1
 047950 ,1      ,1
 048200 ,6      ,1
 048200 ,7      ,0
 048350 ,1      ,0
 048350 ,2      ,0
 048350 ,3      ,0
 048350 ,4      ,0
 048450 ,6      ,0
 048450 ,7      ,1
 048450 ,8      ,1
 048600 ,1      ,1
 048600 ,5      ,0
 048800 ,1      ,0
 048800 ,5      ,1
 048800 ,7      ,0
 048800 ,8      ,0
 049000 ,5      ,0
 049050 ,5      ,1
 049300 ,1      ,1
 049500 ,2      ,1
 049700 ,3      ,1
 049950 ,4      ,1
 050200 ,6      ,1
 050400 ,1      ,0
 050400 ,2      ,0
 050400 ,3      ,0
 050400 ,4      ,0
 050450 ,6      ,0
 050450 ,7      ,1
 050700 ,3      ,1
 050700 ,7      ,0
 050700 ,8      ,1
 050900 ,1      ,1
 050950 ,7      ,1
 051050 ,1      ,0
 051050 ,3      ,0
 051050 ,5      ,0
 051150 ,1      ,1
 051150 ,3      ,1
 051150 ,5      ,1
 051650 ,1      ,0
 051650 ,2      ,1
 051650 ,3      ,0
 051650 ,4      ,1
 051650 ,5      ,0
 052050 ,7      ,0
 052050 ,8      ,0
 052100 ,6      ,1
 052300 ,2      ,0
 052300 ,4      ,0
 052300 ,5      ,1
 052350 ,6      ,0
 052350 ,7      ,1
 052500 ,3      ,1
 052550 ,7      ,0
 052550 ,8      ,1
 052750 ,1      ,1
 052800 ,6      ,1
 052800 ,8      ,0
 052900 ,1      ,0
 052900 ,3      ,0
 052900 ,5      ,0
 053000 ,1      ,1
 053000 ,3      ,1
 053000 ,5      ,1
 053150 ,6      ,0
 053500 ,1      ,0
 053500 ,2      ,1
 053500 ,3      ,0
 053500 ,4      ,1
 053500 ,5      ,0
 053850 ,6      ,1
 054150 ,2      ,0
 054150 ,4      ,0
 054150 ,5      ,1
 054150 ,6      ,0
 054150 ,7      ,1
 054400 ,3      ,1
 054400 ,7      ,0
 054400 ,8      ,1
 054600 ,1      ,1
 054650 ,7      ,1
 054650 ,8      ,0
 054850 ,2      ,1
 055350 ,4      ,1
 055350 ,6      ,1
 055350 ,7      ,0
 055550 ,6      ,0
 055550 ,7      ,1
 055750 ,8      ,1
 055850 ,1      ,0
 055850 ,2      ,0
 055850 ,3      ,0
 055850 ,4      ,0
 056200 ,1      ,1
 056200 ,5      ,0
 056200 ,7      ,0
 056200 ,8      ,0
 056450 ,1      ,0
 056450 ,5      ,1
 056700 ,1      ,1
 056950 ,2      ,1
 057200 ,3      ,1
 057450 ,4      ,1
 057800 ,1      ,0
 057800 ,2      ,0
 057800 ,4      ,0
 057800 ,5      ,0
 057900 ,6      ,1
 058050 ,3      ,0
 058150 ,3      ,1
 058650 ,3      ,0
 058750 ,2      ,1
 058750 ,3      ,1
 058750 ,4      ,1
 058850 ,2      ,0
 058850 ,3      ,0
 058850 ,4      ,0
 058950 ,2      ,1
 058950 ,3      ,1
 058950 ,4      ,1
 059050 ,2      ,0
 059050 ,3      ,0
 059050 ,4      ,0
 059200 ,3      ,1
 059350 ,3      ,0
 059400 ,3      ,1
 059450 ,3      ,0
 059550 ,3      ,1
 060100 ,2      ,1
 060100 ,3      ,0
 060100 ,4      ,1
 060300 ,2      ,0
 060300 ,3      ,1
 060300 ,4      ,0
 061000 ,3      ,0
 061450 ,3      ,1
 061450 ,6      ,0
 061450 ,7      ,1
 061600 ,3      ,0
 061700 ,3      ,1
 061850 ,3      ,0
 061950 ,2      ,1
 061950 ,3      ,1
 061950 ,4      ,1
 062050 ,2      ,0
 062050 ,3      ,0
 062050 ,4      ,0
 062150 ,2      ,1
 062150 ,3      ,1
 062150 ,4      ,1
 062250 ,2      ,0
 062250 ,3      ,0
 062250 ,4      ,0
 062350 ,3      ,1
 062600 ,3      ,0
 062750 ,3      ,1
 063150 ,3      ,0
 063300 ,1      ,1
 063300 ,5      ,1
 063300 ,6      ,1
 063300 ,7      ,0
 063750 ,1      ,0
 063750 ,2      ,1
 063750 ,4      ,1
 063750 ,5      ,0
 063750 ,6      ,0
 063750 ,7      ,1
 064050 ,2      ,0
 064050 ,3      ,1
 064050 ,4      ,0
 064050 ,6      ,1
 064050 ,7      ,0
 064150 ,3      ,0
 064150 ,6      ,0
 064200 ,3      ,1
 064200 ,6      ,1
 064400 ,2      ,1
 064400 ,4      ,1
 064400 ,7      ,1
 064750 ,1      ,1
 064750 ,5      ,1
 064750 ,6      ,0
 065100 ,1      ,0
 065100 ,2      ,0
 065100 ,3      ,0
 065100 ,4      ,0
 065100 ,6      ,1
 065100 ,8      ,1
 065300 ,3      ,1
 065500 ,1      ,1
 065750 ,2      ,1
 065750 ,7      ,0
 065750 ,8      ,0
 066050 ,6      ,0
 066050 ,7      ,1
 066250 ,4      ,1
 066500 ,7      ,0
 066500 ,8      ,1
 066750 ,6      ,1
 066750 ,8      ,0
 066900 ,1      ,0
 066900 ,2      ,0
 066900 ,3      ,0
 066900 ,4      ,0
 066900 ,6      ,0
 066900 ,7      ,1
 067100 ,3      ,1
 067350 ,1      ,1
 067550 ,6      ,1
 067550 ,7      ,0
 067600 ,2      ,1
 067850 ,6      ,0
 067850 ,7      ,1
 068000 ,4      ,1
 068300 ,7      ,0
 068300 ,8      ,1
 068550 ,6      ,1
 068550 ,8      ,0
 068700 ,1      ,0
 068700 ,2      ,0
 068700 ,3      ,0
 068700 ,4      ,0
 068700 ,6      ,0
 068700 ,8      ,1
 068900 ,3      ,1
 069150 ,1      ,1
 069350 ,6      ,1
 069350 ,8      ,0
 069400 ,2      ,1
 069650 ,6      ,0
 069650 ,7      ,1
 069800 ,4      ,1
 070100 ,7      ,0
 070100 ,8      ,1
 070300 ,1      ,0
 070300 ,2      ,0
 070300 ,3      ,0
 070300 ,4      ,0
 070300 ,8      ,0
 070550 ,1      ,1
 070550 ,5      ,0
 070750 ,1      ,0
 070750 ,5      ,1
 070950 ,5      ,0
 071000 ,5      ,1
 071250 ,1      ,1
 071450 ,2      ,1
 071650 ,2      ,0
 071650 ,5      ,0
 071650 ,6      ,1
 071700 ,2      ,1
 071750 ,3      ,1
 071800 ,4      ,1
 071850 ,5      ,1
 071900 ,6      ,0
 071900 ,7      ,1
 072000 ,5      ,0
 072100 ,4      ,0
 072150 ,8      ,1
 072200 ,3      ,0
 072300 ,2      ,0
 072350 ,1      ,0
 072350 ,5      ,1
 072350 ,6      ,1
 072550 ,4      ,1
 072750 ,3      ,1
 073000 ,2      ,1
 073000 ,7      ,0
 073000 ,8      ,0
 073300 ,6      ,0
 073300 ,7      ,1
 073550 ,1      ,1
 073750 ,7      ,0
 073750 ,8      ,1
 074000 ,6      ,1
 074000 ,8      ,0
 074150 ,1      ,0
 074150 ,2      ,0
 074150 ,3      ,0
 074150 ,4      ,0
 074150 ,7      ,1
 074150 ,8      ,1
 074350 ,4      ,1
 074600 ,3      ,1
 074800 ,7      ,0
 074800 ,8      ,0
 074850 ,2      ,1
 075100 ,6      ,0
 075100 ,7      ,1
 075350 ,1      ,1
 075550 ,7      ,0
 075550 ,8      ,1
 075800 ,6      ,1
 075800 ,8      ,0
 075950 ,1      ,0
 075950 ,2      ,0
 075950 ,3      ,0
 075950 ,4      ,0
 075950 ,7      ,1
 075950 ,8      ,1
 076300 ,4      ,1
 076500 ,3      ,1
 076600 ,7      ,0
 076600 ,8      ,0
 076700 ,2      ,1
 076900 ,6      ,0
 076900 ,7      ,1
 077200 ,1      ,1
 077350 ,7      ,0
 077350 ,8      ,1
 077650 ,1      ,0
 077650 ,2      ,0
 077650 ,3      ,0
 077650 ,4      ,0
 077650 ,8      ,0
 077900 ,1      ,1
 077900 ,5      ,0
 078100 ,1      ,0
 078100 ,5      ,1
 078300 ,5      ,0
 078350 ,5      ,1
 078550 ,1      ,1
 078550 ,6      ,1
 078700 ,6      ,0
 078700 ,8      ,1
 078750 ,2      ,1
 078950 ,3      ,1
 079000 ,6      ,1
 079000 ,8      ,0
 079200 ,4      ,1
 079400 ,1      ,0
 079400 ,2      ,0
 079400 ,3      ,0
 079400 ,4      ,0
 079400 ,5      ,0
 079400 ,6      ,0
 079400 ,7      ,1
 079650 ,1      ,1
 079650 ,7      ,0
 079700 ,2      ,1
 079750 ,3      ,1
 079800 ,4      ,1
 079850 ,5      ,1
 079900 ,2      ,0
 079900 ,4      ,0
 079900 ,6      ,1
 080150 ,1      ,0
 080150 ,2      ,1
 080150 ,3      ,0
 080150 ,4      ,1
 080150 ,5      ,0
 080350 ,1      ,1
 080350 ,2      ,0
 080350 ,3      ,1
 080350 ,4      ,0
 080350 ,5      ,1
 080600 ,1      ,0
 080600 ,2      ,1
 080600 ,3      ,0
 080600 ,4      ,1
 080600 ,5      ,0
 080800 ,1      ,1
 080800 ,2      ,0
 080800 ,3      ,1
 080800 ,4      ,0
 080800 ,5      ,1
 080800 ,6      ,0
 080800 ,7      ,1
 081050 ,1      ,0
 081050 ,2      ,1
 081050 ,3      ,0
 081050 ,4      ,1
 081050 ,5      ,0
 081250 ,1      ,1
 081250 ,2      ,0
 081250 ,3      ,1
 081250 ,4      ,0
 081250 ,5      ,1
 081500 ,1      ,0
 081500 ,2      ,1
 081500 ,3      ,0
 081500 ,4      ,1
 081500 ,5      ,0
 081700 ,1      ,1
 081700 ,2      ,0
 081700 ,3      ,1
 081700 ,4      ,0
 081700 ,5      ,1
 081700 ,7      ,0
 081700 ,8      ,1
 081900 ,1      ,0
 081900 ,2      ,1
 081900 ,3      ,0
 081900 ,4      ,1
 081900 ,5      ,0
 082150 ,2      ,0
 082150 ,5      ,1
 082350 ,7      ,1
 082350 ,8      ,0
 082600 ,2      ,1
 082600 ,3      ,1
 083000 ,1      ,1
 083250 ,1      ,0
 083250 ,2      ,0
 083250 ,3      ,0
 083250 ,4      ,0
 083250 ,5      ,0
 083250 ,6      ,1
 083250 ,7      ,0
 083350 ,1      ,1
 083350 ,2      ,1
 083750 ,6      ,0
 083750 ,7      ,1
 084000 ,3      ,1
 084200 ,7      ,0
 084200 ,8      ,1
 084400 ,4      ,1
 084600 ,7      ,1
 084750 ,5      ,1
 085200 ,1      ,0
 085200 ,2      ,0
 085200 ,3      ,0
 085200 ,4      ,0
 085200 ,5      ,0
 085500 ,6      ,1
 085500 ,7      ,0
 085500 ,8      ,0
 085950 ,6      ,0
 085950 ,7      ,1
 086200 ,3      ,1
 086200 ,5      ,1
 086400 ,2      ,1
 086400 ,3      ,0
 086400 ,4      ,1
 086400 ,5      ,0
 086400 ,7      ,0
 086400 ,8      ,1
 086650 ,1      ,1
 086650 ,2      ,0
 086650 ,3      ,1
 086650 ,4      ,0
 086850 ,6      ,1
 086850 ,8      ,0
 087000 ,1      ,0
 087000 ,2      ,1
 087000 ,3      ,0
 087000 ,4      ,1
 087350 ,6      ,0
 087350 ,7      ,1
 087550 ,1      ,1
 087550 ,2      ,0
 087550 ,3      ,1
 087550 ,4      ,0
 087800 ,7      ,0
 087800 ,8      ,1
 087950 ,1      ,0
 087950 ,2      ,1
 087950 ,3      ,0
 087950 ,4      ,1
 088250 ,7      ,1
 088250 ,8      ,0
 088450 ,1      ,1
 088450 ,2      ,0
 088450 ,3      ,1
 088450 ,4      ,0
 088700 ,7      ,0
 088700 ,8      ,1
 089100 ,1      ,0
 089100 ,2      ,1
 089100 ,3      ,0
 089100 ,4      ,1
 089350 ,2      ,0
 089350 ,3      ,1
 089350 ,4      ,0
 089350 ,5      ,1
 089350 ,6      ,1
 089550 ,7      ,1
 089850 ,3      ,0
 089850 ,4      ,1
 090050 ,8      ,0
 090200 ,3      ,1
 090200 ,4      ,0
 090200 ,5      ,0
 090500 ,6      ,0
 090900 ,7      ,0
 090900 ,8      ,1
 091150 ,2      ,1
 091150 ,3      ,0
 091150 ,4      ,1
 091400 ,2      ,0
 091400 ,3      ,1
 091400 ,4      ,0
 091400 ,7      ,1
 091650 ,2      ,1
 091650 ,3      ,0
 091650 ,4      ,1
 092050 ,3      ,1
 092050 ,6      ,1
 092050 ,7      ,0
 092350 ,6      ,0
 092350 ,7      ,1
 092350 ,8      ,0
 092550 ,2      ,0
 092550 ,3      ,0
 092550 ,4      ,0
 092750 ,6      ,1
 092750 ,8      ,1
 093000 ,6      ,0
 093000 ,8      ,0
 093200 ,1      ,1
 093200 ,3      ,1
 093500 ,1      ,0
 093500 ,2      ,1
 093500 ,3      ,0
 093500 ,4      ,1
 093650 ,7      ,0
 093650 ,8      ,1
 094050 ,2      ,0
 094050 ,3      ,1
 094050 ,4      ,0
 094050 ,5      ,1
 094050 ,6      ,1
 094050 ,7      ,1
 094050 ,8      ,0
 094550 ,2      ,1
 094550 ,3      ,0
 094550 ,4      ,1
 094550 ,5      ,0
 094550 ,6      ,0
 094550 ,8      ,1
 094800 ,2      ,0
 094800 ,3      ,1
 094800 ,4      ,0
 094800 ,5      ,1
 095000 ,6      ,1
 095000 ,7      ,0
 095000 ,8      ,0
 095250 ,2      ,1
 095250 ,3      ,0
 095250 ,4      ,1
 095250 ,5      ,0
 095450 ,6      ,0
 095450 ,7      ,1
 095550 ,2      ,0
 095550 ,3      ,1
 095550 ,4      ,0
 095900 ,2      ,1
 095900 ,4      ,1
 095900 ,6      ,1
 095900 ,7      ,0
 095900 ,8      ,1
 096350 ,2      ,0
 096350 ,3      ,0
 096350 ,4      ,0
 096350 ,6      ,0
 096350 ,7      ,1
 096350 ,8      ,0
 096650 ,4      ,1
 096650 ,5      ,1
 096800 ,6      ,1
 096800 ,7      ,0
 097000 ,3      ,1
 097250 ,6      ,0
 097250 ,7      ,1
 097650 ,1      ,1
 097650 ,2      ,1
 097650 ,3      ,0
 097650 ,4      ,0
 097650 ,5      ,0
 097700 ,7      ,0
 097700 ,8      ,1
 100400 ,6      ,1
 100400 ,8      ,0
 100600 ,3      ,1
 100600 ,7      ,1
 100850 ,4      ,1
 100850 ,7      ,0
 100850 ,8      ,1
 101100 ,5      ,1
 101100 ,6      ,0
 101100 ,7      ,1
 101100 ,8      ,0
 101300 ,1      ,0
 101300 ,2      ,0
 101300 ,3      ,0
 101300 ,4      ,0
 101300 ,5      ,0
 101300 ,8      ,1
 101550 ,2      ,1
 101550 ,4      ,1
 101550 ,6      ,1
 101550 ,8      ,0
 101750 ,6      ,0
 101750 ,8      ,1
 102000 ,6      ,1
 102000 ,7      ,0
 102000 ,8      ,0
 102200 ,8      ,1
 102250 ,2      ,0
 102250 ,3      ,1
 102250 ,4      ,0
 102250 ,5      ,1
 102450 ,2      ,1
 102450 ,3      ,0
 102450 ,4      ,1
 102450 ,5      ,0
 102450 ,7      ,1
 102450 ,8      ,0
 102650 ,6      ,0
 102650 ,7      ,0
 102650 ,8      ,1
 102900 ,5      ,1
 102900 ,7      ,1
 103100 ,6      ,1
 103100 ,7      ,0
 103300 ,6      ,0
 103400 ,1      ,1
 103400 ,5      ,0
 103800 ,3      ,1
 103800 ,7      ,1
 103800 ,8      ,0
 104050 ,6      ,1
 104050 ,7      ,0
 104250 ,5      ,1
 104250 ,6      ,0
 104250 ,7      ,1
 104450 ,1      ,0
 104450 ,2      ,0
 104450 ,3      ,0
 104450 ,4      ,0
 104450 ,5      ,0
 104450 ,7      ,0
 104450 ,8      ,1
 104700 ,3      ,1
 104700 ,6      ,1
 104700 ,8      ,0
 104900 ,7      ,1
 105150 ,6      ,0
 105150 ,7      ,0
 105150 ,8      ,1
 105350 ,7      ,1
 105350 ,8      ,0
 105600 ,2      ,1
 105600 ,3      ,0
 105600 ,4      ,1
 105600 ,7      ,0
 105600 ,8      ,1
 105800 ,1      ,1
 105800 ,2      ,0
 105800 ,4      ,0
 105800 ,5      ,1
 105800 ,7      ,1
 105800 ,8      ,0
 106050 ,1      ,0
 106050 ,2      ,1
 106050 ,4      ,1
 106050 ,5      ,0
 106050 ,6      ,1
 106050 ,7      ,0
 106250 ,6      ,0
 106250 ,7      ,1
 106450 ,2      ,0
 106450 ,3      ,1
 106450 ,4      ,0
 106450 ,7      ,0
 106450 ,8      ,1
 106700 ,7      ,1
 106700 ,8      ,0
 106950 ,6      ,1
 106950 ,7      ,0
 107200 ,3      ,0
 107200 ,6      ,0
 107200 ,7      ,1
 107400 ,7      ,0
 107400 ,8      ,1
 107650 ,6      ,1
 107650 ,8      ,0
 107850 ,6      ,0
 107850 ,7      ,1
 108050 ,6      ,1
 108050 ,7      ,0
 108300 ,6      ,0
 108300 ,8      ,1
 108500 ,6      ,1
 108500 ,7      ,1
 108500 ,8      ,0
 108750 ,6      ,0
 108750 ,7      ,0
 110300 ,1      ,1
 110400 ,2      ,1
 110500 ,3      ,1
 110600 ,4      ,1
 110650 ,5      ,1
 110750 ,1      ,0
 110750 ,2      ,0
 110750 ,3      ,0
 110750 ,4      ,0
 110750 ,5      ,0
 110850 ,1      ,1
 110850 ,2      ,1
 110850 ,3      ,1
 110850 ,4      ,1
 110850 ,5      ,1
 110950 ,1      ,0
 110950 ,2      ,0
 110950 ,3      ,0
 110950 ,4      ,0
 110950 ,5      ,0
 111050 ,1      ,1
 111150 ,2      ,1
 111250 ,3      ,1
 111350 ,4      ,1
 111450 ,5      ,1
 111700 ,1      ,0
 111700 ,2      ,0
 111700 ,3      ,0
 111700 ,4      ,0
 111700 ,5      ,0
 112250 ,6      ,1
 113150 ,6      ,0
 113150 ,7      ,1
 114050 ,7      ,0
 114050 ,8      ,1
 115050 ,6      ,1
 115050 ,8      ,0
 115200 ,6      ,0
 115200 ,7      ,1
 115350 ,7      ,0
 115350 ,8      ,1
 115500 ,8      ,0
 117700 ,1      ,1
 117800 ,2      ,1
 117900 ,3      ,1
 118000 ,4      ,1
 118050 ,5      ,1
 118150 ,1      ,0
 118150 ,2      ,0
 118150 ,3      ,0
 118150 ,4      ,0
 118150 ,5      ,0
 118250 ,1      ,1
 118250 ,2      ,1
 118250 ,3      ,1
 118250 ,4      ,1
 118250 ,5      ,1
 118350 ,1      ,0
 118350 ,2      ,0
 118350 ,3      ,0
 118350 ,4      ,0
 118350 ,5      ,0
 118450 ,1      ,1
 118550 ,2      ,1
 118650 ,3      ,1
 118750 ,4      ,1
 118850 ,5      ,1
 119100 ,1      ,0
 119100 ,2      ,0
 119100 ,3      ,0
 119100 ,4      ,0
 119100 ,5      ,0
 119650 ,6      ,1
 120550 ,6      ,0
 120550 ,7      ,1
 121450 ,7      ,0
 121450 ,8      ,1
 122450 ,6      ,1
 122450 ,8      ,0
 122600 ,6      ,0
 122600 ,7      ,1
 122750 ,7      ,0
 122750 ,8      ,1
 122900 ,8      ,0
 123300 ,5      ,1
 123500 ,3      ,1
 123700 ,1      ,1
 123950 ,2      ,1
 124450 ,4      ,1
 125100 ,1      ,0
 125100 ,2      ,0
 125100 ,3      ,0
 125100 ,4      ,0
 125300 ,3      ,1
 125550 ,1      ,1
 125800 ,2      ,1
 126200 ,4      ,1
 126900 ,1      ,0
 126900 ,2      ,0
 126900 ,3      ,0
 126900 ,4      ,0
 127100 ,3      ,1
 127350 ,1      ,1
 127600 ,2      ,1
 128000 ,4      ,1
 128500 ,1      ,0
 128500 ,2      ,0
 128500 ,3      ,0
 128500 ,4      ,0
 128750 ,1      ,1
 128750 ,5      ,0
 128950 ,1      ,0
 128950 ,5      ,1
 129150 ,5      ,0
 129200 ,5      ,1
 129450 ,1      ,1
 129650 ,2      ,1
 129850 ,3      ,1
 130100 ,4      ,1
 130550 ,1      ,0
 130550 ,2      ,0
 130550 ,3      ,0
 130550 ,4      ,0
 130750 ,3      ,1
 130950 ,1      ,1
 131200 ,2      ,1
 131700 ,4      ,1
 132350 ,1      ,0
 132350 ,2      ,0
 132350 ,3      ,0
 132350 ,4      ,0
 132550 ,4      ,1
 132800 ,3      ,1
 133050 ,2      ,1
 133050 ,4      ,0
 133050 ,5      ,0
 133550 ,1      ,1
 133550 ,3      ,0
 134200 ,3      ,1
 134200 ,4      ,1
 134200 ,5      ,1
 134350 ,3      ,0
 134350 ,4      ,0
 134350 ,5      ,0
 134450 ,3      ,1
 134450 ,4      ,1
 134450 ,5      ,1
 134550 ,3      ,0
 134550 ,4      ,0
 134550 ,5      ,0
 134650 ,3      ,1
 134650 ,4      ,1
 134650 ,5      ,1
 134850 ,3      ,0
 134850 ,4      ,0
 134850 ,5      ,0
 135000 ,1      ,0
 135000 ,2      ,0
 135350 ,3      ,1
 135400 ,4      ,1
 135450 ,5      ,1
 135600 ,3      ,0
 135600 ,4      ,0
 135600 ,5      ,0
 136050 ,1      ,1
 136050 ,2      ,1
 136050 ,3      ,1
 136050 ,4      ,1
 136050 ,5      ,1
 136250 ,1      ,0
 136250 ,5      ,0
 136450 ,2      ,0
 136450 ,4      ,0
 136650 ,3      ,0
 138800 ,1      ,1
 138800 ,5      ,1
 139700 ,1      ,0
 139700 ,2      ,1
 139700 ,4      ,1
 139700 ,5      ,0
 140550 ,2      ,0
 140550 ,3      ,1
 140550 ,4      ,0
 141350 ,3      ,0
 141450 ,3      ,1
 141450 ,6      ,1
 141450 ,7      ,1
 141450 ,8      ,1
 141650 ,2      ,1
 141650 ,4      ,1
 141700 ,3      ,0
 141800 ,1      ,1
 141800 ,5      ,1
 141850 ,2      ,0
 141850 ,4      ,0
 141850 ,6      ,0
 141850 ,7      ,0
 141850 ,8      ,0
 141950 ,1      ,0
 141950 ,3      ,1
 141950 ,5      ,0
 141950 ,6      ,1
 141950 ,7      ,1
 141950 ,8      ,1
 142150 ,2      ,1
 142150 ,4      ,1
 142200 ,3      ,0
 142300 ,1      ,1
 142300 ,5      ,1
 142350 ,2      ,0
 142350 ,4      ,0
 142350 ,6      ,0
 142350 ,7      ,0
 142350 ,8      ,0
 142450 ,1      ,0
 142450 ,3      ,1
 142450 ,5      ,0
 142450 ,6      ,1
 142450 ,7      ,1
 142450 ,8      ,1
 142650 ,2      ,1
 142650 ,4      ,1
 142700 ,3      ,0
 142800 ,1      ,1
 142800 ,5      ,1
 142800 ,6      ,0
 142800 ,7      ,0
 142800 ,8      ,0
 142850 ,2      ,0
 142850 ,4      ,0
 142900 ,1      ,0
 142900 ,3      ,1
 142900 ,5      ,0
 142900 ,6      ,1
 143100 ,2      ,1
 143100 ,4      ,1
 143150 ,3      ,0
 143250 ,1      ,1
 143250 ,5      ,1
 143300 ,2      ,0
 143300 ,4      ,0
 143400 ,1      ,0
 143400 ,3      ,1
 143400 ,5      ,0
 143600 ,2      ,1
 143600 ,4      ,1
 143650 ,3      ,0
 143750 ,1      ,1
 143750 ,5      ,1
 143800 ,2      ,0
 143800 ,4      ,0
 143900 ,1      ,0
 143900 ,3      ,1
 143900 ,5      ,0
 144100 ,2      ,1
 144100 ,4      ,1
 144150 ,3      ,0
 144250 ,1      ,1
 144250 ,5      ,1
 144300 ,2      ,0
 144300 ,4      ,0
 144400 ,1      ,0
 144400 ,3      ,1
 144400 ,5      ,0
 144400 ,6      ,0
 144400 ,7      ,1
 144550 ,2      ,1
 144550 ,4      ,1
 144600 ,3      ,0
 144700 ,1      ,1
 144700 ,5      ,1
 144750 ,2      ,0
 144750 ,4      ,0
 144850 ,1      ,0
 144850 ,3      ,1
 144850 ,5      ,0
 145050 ,2      ,1
 145050 ,4      ,1
 145100 ,3      ,0
 145200 ,1      ,1
 145200 ,5      ,1
 145250 ,2      ,0
 145250 ,4      ,0
 145350 ,1      ,0
 145350 ,3      ,1
 145350 ,5      ,0
 145500 ,2      ,1
 145500 ,4      ,1
 145550 ,3      ,0
 145650 ,1      ,1
 145650 ,5      ,1
 145650 ,8      ,1
 145700 ,2      ,0
 145700 ,4      ,0
 145800 ,1      ,0
 145800 ,4      ,1
 145800 ,6      ,1
 146300 ,3      ,1
 146300 ,8      ,0
 146800 ,2      ,1
 146800 ,8      ,1
 147300 ,1      ,1
 147300 ,2      ,0
 147300 ,4      ,0
 147300 ,5      ,0
 147300 ,6      ,0
 147300 ,7      ,0
 148100 ,6      ,1
 148750 ,1      ,0
 148750 ,2      ,1
 148750 ,3      ,0
 148750 ,4      ,1
 148750 ,6      ,0
 149250 ,2      ,0
 149250 ,3      ,1
 149250 ,4      ,0
 149250 ,5      ,1
 149250 ,7      ,1
 149750 ,6      ,1
 149750 ,7      ,0
 150000 ,2      ,1
 150000 ,3      ,0
 150000 ,4      ,1
 150000 ,5      ,0
 150250 ,2      ,0
 150250 ,3      ,1
 150250 ,4      ,0
 150250 ,8      ,0
 150550 ,3      ,0
 151000 ,6      ,0
 151000 ,7      ,1
 151200 ,8      ,1
 151700 ,6      ,1
 151700 ,8      ,0
 151750 ,3      ,1
 151750 ,7      ,0
 152200 ,2      ,1
 152200 ,3      ,0
 152200 ,4      ,1
 152650 ,1      ,1
 152650 ,2      ,0
 152650 ,4      ,0
 152650 ,5      ,1
 152650 ,6      ,0
 152650 ,8      ,1
 153150 ,1      ,0
 153150 ,2      ,1
 153150 ,3      ,1
 153150 ,4      ,1
 153150 ,5      ,0
 153650 ,7      ,1
 153900 ,6      ,1
 154150 ,7      ,0
 154150 ,8      ,0
 154450 ,1      ,1
 154450 ,5      ,1
 154600 ,6      ,0
 154600 ,7      ,1
 155050 ,1      ,0
 155050 ,5      ,0
 155050 ,7      ,0
 155050 ,8      ,1
 155600 ,6      ,1
 155600 ,7      ,1
 155600 ,8      ,0
 155800 ,2      ,0
 155800 ,4      ,0
 155950 ,3      ,0
 156050 ,3      ,1
 156050 ,6      ,0
 156050 ,8      ,1
 156600 ,7      ,0
 156700 ,3      ,0
 156850 ,6      ,1
 157550 ,8      ,0
 157600 ,1      ,1
 157600 ,3      ,1
 157900 ,1      ,0
 157900 ,3      ,0
 158000 ,1      ,1
 158000 ,3      ,1
 158000 ,6      ,0
 158000 ,7      ,1
 158450 ,1      ,0
 158450 ,2      ,1
 158450 ,3      ,0
 158450 ,4      ,1
 158500 ,8      ,1
 159000 ,2      ,0
 159000 ,3      ,1
 159000 ,4      ,0
 159000 ,5      ,1
 159000 ,7      ,0
 159800 ,6      ,1
 159800 ,8      ,0
 160400 ,3      ,0
 160400 ,5      ,0
 160450 ,7      ,1
 160500 ,1      ,1
 160500 ,3      ,1
 160750 ,1      ,0
 160750 ,3      ,0
 160850 ,1      ,1
 160850 ,3      ,1
 160950 ,6      ,0
 160950 ,8      ,1
 161500 ,1      ,0
 161500 ,2      ,1
 161500 ,3      ,0
 161500 ,4      ,1
 161500 ,6      ,1
 161500 ,7      ,0
 161900 ,2      ,0
 161900 ,3      ,1
 161900 ,4      ,0
 161900 ,7      ,1
 162100 ,2      ,1
 162100 ,4      ,1
 162300 ,1      ,1
 162300 ,5      ,1
 162400 ,6      ,0
 162400 ,8      ,0
 162450 ,1      ,0
 162450 ,2      ,0
 162450 ,3      ,0
 162450 ,4      ,0
 162450 ,5      ,0
 162750 ,6      ,1
 162950 ,8      ,1
 163400 ,1      ,1
 163400 ,5      ,1
 163600 ,6      ,0
 163600 ,7      ,0
 163600 ,8      ,0
 164050 ,1      ,0
 164050 ,2      ,1
 164050 ,4      ,1
 164050 ,5      ,0
 164050 ,6      ,1
 164050 ,7      ,1
 164050 ,8      ,1
 164300 ,6      ,0
 164300 ,7      ,0
 164300 ,8      ,0
 164600 ,2      ,0
 164600 ,3      ,1
 164600 ,4      ,0
 164600 ,6      ,1
 164600 ,7      ,1
 164600 ,8      ,1
 164800 ,6      ,0
 164800 ,7      ,0
 164800 ,8      ,0
 165000 ,3      ,0
 165100 ,3      ,1
 165100 ,6      ,1
 165100 ,7      ,1
 165100 ,8      ,1
 165300 ,2      ,1
 165300 ,4      ,1
 165350 ,3      ,0
 165450 ,1      ,1
 165450 ,5      ,1
 165500 ,2      ,0
 165500 ,4      ,0
 165500 ,6      ,0
 165500 ,7      ,0
 165500 ,8      ,0
 165600 ,1      ,0
 165600 ,3      ,1
 165600 ,5      ,0
 165600 ,6      ,1
 165600 ,7      ,1
 165600 ,8      ,1
 165800 ,2      ,1
 165800 ,4      ,1
 165850 ,3      ,0
 165950 ,1      ,1
 165950 ,5      ,1
 166000 ,2      ,0
 166000 ,4      ,0
 166000 ,6      ,0
 166000 ,7      ,0
 166000 ,8      ,0
 166100 ,1      ,0
 166100 ,3      ,1
 166100 ,5      ,0
 166100 ,6      ,1
 166100 ,7      ,1
 166100 ,8      ,1
 166250 ,2      ,1
 166250 ,4      ,1
 166300 ,3      ,0
 166400 ,1      ,1
 166400 ,5      ,1
 166450 ,2      ,0
 166450 ,4      ,0
 166450 ,6      ,0
 166450 ,7      ,0
 166450 ,8      ,0
 166550 ,1      ,0
 166550 ,3      ,1
 166550 ,5      ,0
 166550 ,6      ,1
 166750 ,2      ,1
 166750 ,4      ,1
 166800 ,3      ,0
 166900 ,1      ,1
 166900 ,5      ,1
 166950 ,2      ,0
 166950 ,4      ,0
 167050 ,1      ,0
 167050 ,3      ,1
 167050 ,5      ,0
 167250 ,2      ,1
 167250 ,4      ,1
 167300 ,3      ,0
 167400 ,1      ,1
 167400 ,5      ,1
 167450 ,2      ,0
 167450 ,4      ,0
 167550 ,1      ,0
 167550 ,3      ,1
 167550 ,5      ,0
 167750 ,2      ,1
 167750 ,4      ,1
 167800 ,3      ,0
 167900 ,1      ,1
 167900 ,5      ,1
 167950 ,2      ,0
 167950 ,4      ,0
 168050 ,1      ,0
 168050 ,3      ,1
 168050 ,5      ,0
 168050 ,6      ,0
 168050 ,7      ,1
 168200 ,2      ,1
 168200 ,4      ,1
 168250 ,3      ,0
 168350 ,1      ,1
 168350 ,5      ,1
 168400 ,2      ,0
 168400 ,4      ,0
 168500 ,1      ,0
 168500 ,3      ,1
 168500 ,5      ,0
 168700 ,2      ,1
 168700 ,4      ,1
 168750 ,3      ,0
 168850 ,1      ,1
 168850 ,5      ,1
 168900 ,2      ,0
 168900 ,4      ,0
 169000 ,1      ,0
 169000 ,3      ,1
 169000 ,5      ,0
 169150 ,2      ,1
 169150 ,4      ,1
 169200 ,3      ,0
 169300 ,1      ,1
 169300 ,5      ,1
 169300 ,8      ,1
 169350 ,2      ,0
 169350 ,4      ,0
 169450 ,1      ,0
 169450 ,4      ,1
 169450 ,6      ,1
 169950 ,3      ,1
 169950 ,8      ,0
 170450 ,2      ,1
 170450 ,8      ,1
 170950 ,1      ,1
 170950 ,2      ,0
 170950 ,4      ,0
 170950 ,5      ,0
 170950 ,6      ,0
 170950 ,7      ,0
 171750 ,6      ,1
 172400 ,1      ,0
 172400 ,2      ,1
 172400 ,3      ,0
 172400 ,4      ,1
 172400 ,6      ,0
 172900 ,2      ,0
 172900 ,3      ,1
 172900 ,4      ,0
 172900 ,5      ,1
 172900 ,7      ,1
 173400 ,6      ,1
 173400 ,7      ,0
 173650 ,2      ,1
 173650 ,3      ,0
 173650 ,4      ,1
 173650 ,5      ,0
 173900 ,2      ,0
 173900 ,3      ,1
 173900 ,4      ,0
 173900 ,8      ,0
 174200 ,3      ,0
 174650 ,6      ,0
 174650 ,7      ,1
 174850 ,8      ,1
 175350 ,6      ,1
 175350 ,8      ,0
 175400 ,3      ,1
 175400 ,7      ,0
 175850 ,2      ,1
 175850 ,3      ,0
 175850 ,4      ,1
 176300 ,1      ,1
 176300 ,2      ,0
 176300 ,4      ,0
 176300 ,5      ,1
 176300 ,6      ,0
 176300 ,8      ,1
 176800 ,1      ,0
 176800 ,2      ,1
 176800 ,3      ,1
 176800 ,4      ,1
 176800 ,5      ,0
 177300 ,7      ,1
 177550 ,6      ,1
 177800 ,7      ,0
 177800 ,8      ,0
 178100 ,1      ,1
 178100 ,5      ,1
 178250 ,6      ,0
 178250 ,7      ,1
 178700 ,1      ,0
 178700 ,5      ,0
 178700 ,7      ,0
 178700 ,8      ,1
 179250 ,6      ,1
 179250 ,7      ,1
 179250 ,8      ,0
 179450 ,2      ,0
 179450 ,4      ,0
 179600 ,3      ,0
 179700 ,3      ,1
 179700 ,6      ,0
 179700 ,8      ,1
 180250 ,7      ,0
 180350 ,3      ,0
 180500 ,6      ,1
 181200 ,8      ,0
 181250 ,1      ,1
 181250 ,3      ,1
 181550 ,1      ,0
 181550 ,3      ,0
 181650 ,1      ,1
 181650 ,3      ,1
 181650 ,6      ,0
 181650 ,7      ,1
 182100 ,1      ,0
 182100 ,2      ,1
 182100 ,3      ,0
 182100 ,4      ,1
 182150 ,8      ,1
 182650 ,2      ,0
 182650 ,3      ,1
 182650 ,4      ,0
 182650 ,5      ,1
 182650 ,7      ,0
 183450 ,6      ,1
 183450 ,8      ,0
 184050 ,3      ,0
 184050 ,5      ,0
 184100 ,7      ,1
 184150 ,1      ,1
 184150 ,3      ,1
 184400 ,1      ,0
 184400 ,3      ,0
 184500 ,1      ,1
 184500 ,3      ,1
 184600 ,6      ,0
 184600 ,8      ,1
 185150 ,1      ,0
 185150 ,2      ,1
 185150 ,3      ,0
 185150 ,4      ,1
 185150 ,6      ,1
 185150 ,7      ,0
 185550 ,2      ,0
 185550 ,3      ,1
 185550 ,4      ,0
 185550 ,7      ,1
 185750 ,2      ,1
 185750 ,4      ,1
 185950 ,1      ,1
 185950 ,5      ,1
 186050 ,6      ,0
 186050 ,8      ,0
 186250 ,1      ,0
 186250 ,3      ,0
 186250 ,5      ,0
 186400 ,6      ,1
 186500 ,2      ,0
 186500 ,3      ,1
 186500 ,4      ,0
 186600 ,8      ,1
 186700 ,2      ,1
 186700 ,4      ,1
 186900 ,1      ,1
 186900 ,5      ,1
 187050 ,1      ,0
 187050 ,2      ,0
 187050 ,3      ,0
 187050 ,4      ,0
 187050 ,5      ,0
 187250 ,6      ,0
 187250 ,7      ,0
 187250 ,8      ,0
 187350 ,5      ,1
 187500 ,6      ,1
 187500 ,8      ,1
 187600 ,6      ,0
 187600 ,8      ,0
 187650 ,7      ,1
 187700 ,4      ,1
 187750 ,7      ,0
 187800 ,5      ,0
 187800 ,6      ,1
 187800 ,7      ,1
 187800 ,8      ,1
 187850 ,3      ,1
 187950 ,4      ,0
 188000 ,6      ,0
 188000 ,7      ,0
 188000 ,8      ,0
 188100 ,6      ,1
 188100 ,7      ,1
 188100 ,8      ,1
 188150 ,4      ,1
 188200 ,3      ,0
 188200 ,6      ,0
 188200 ,7      ,0
 188200 ,8      ,0
 188300 ,6      ,1
 188300 ,7      ,1
 188300 ,8      ,1
 188400 ,3      ,1
 188400 ,6      ,0
 188400 ,7      ,0
 188400 ,8      ,0
 188500 ,4      ,0
 188600 ,2      ,1
 188600 ,6      ,1
 188600 ,7      ,1
 188600 ,8      ,1
 188700 ,3      ,0
 188700 ,6      ,0
 188700 ,7      ,0
 188700 ,8      ,0
 188800 ,2      ,0
 188800 ,6      ,1
 188800 ,7      ,1
 188800 ,8      ,1
 188850 ,1      ,1
 188900 ,2      ,1
 188950 ,3      ,1
 189000 ,1      ,0
 189000 ,4      ,1
 189050 ,2      ,0
 189050 ,5      ,1
 189100 ,3      ,0
 189150 ,4      ,0
 189300 ,1      ,1
 189300 ,2      ,1
 189300 ,5      ,0
 189400 ,3      ,1
 189450 ,1      ,0
 189450 ,4      ,1
 189500 ,2      ,0
 189500 ,5      ,1
 189550 ,3      ,0
 189550 ,6      ,0
 189550 ,8      ,0
 189600 ,4      ,0
 189750 ,1      ,1
 189750 ,2      ,1
 189750 ,5      ,0
 189750 ,8      ,1
 189850 ,3      ,1
 189900 ,1      ,0
 189900 ,4      ,1
 189950 ,2      ,0
 189950 ,5      ,1
 190000 ,3      ,0
 190050 ,4      ,0
 190200 ,1      ,1
 190200 ,2      ,1
 190200 ,5      ,0
 190300 ,3      ,1
 190350 ,1      ,0
 190350 ,4      ,1
 190400 ,2      ,0
 190400 ,5      ,1
 190450 ,3      ,0
 190500 ,4      ,0
 190650 ,1      ,1
 190650 ,2      ,1
 190650 ,6      ,1
 190650 ,8      ,0
 190700 ,5      ,0
 190800 ,1      ,0
 190800 ,3      ,1
 190850 ,4      ,1
 190900 ,2      ,0
 190900 ,5      ,1
 190950 ,3      ,0
 191000 ,4      ,0
 191150 ,1      ,1
 191200 ,2      ,1
 191200 ,5      ,0
 191200 ,6      ,0
 191200 ,7      ,0
 191200 ,8      ,1
 191300 ,1      ,0
 191300 ,3      ,1
 191350 ,2      ,0
 191350 ,4      ,1
 191400 ,5      ,1
 191450 ,3      ,0
 191500 ,4      ,0
 191650 ,1      ,1
 191650 ,2      ,1
 191650 ,5      ,0
 191650 ,6      ,1
 191750 ,3      ,1
 191800 ,1      ,0
 191800 ,4      ,1
 191850 ,2      ,0
 191850 ,5      ,1
 191900 ,3      ,0
 191950 ,4      ,0
 192150 ,1      ,1
 192200 ,2      ,1
 192200 ,5      ,0
 192200 ,6      ,0
 192250 ,3      ,1
 192300 ,1      ,0
 192300 ,4      ,1
 192350 ,2      ,0
 192350 ,5      ,1
 192400 ,3      ,0
 192450 ,4      ,0
 192450 ,6      ,1
 192450 ,7      ,1
 192450 ,8      ,0
 192600 ,1      ,1
 192650 ,2      ,1
 192650 ,5      ,0
 192700 ,3      ,1
 192750 ,1      ,0
 192750 ,4      ,1
 192800 ,2      ,0
 192800 ,5      ,1
 192850 ,3      ,0
 192900 ,4      ,0
 193050 ,1      ,1
 193100 ,2      ,1
 193100 ,5      ,0
 193100 ,8      ,1
 193150 ,3      ,1
 193200 ,1      ,0
 193200 ,4      ,1
 193250 ,2      ,0
 193250 ,5      ,1
 193300 ,3      ,0
 193350 ,4      ,0
 193600 ,1      ,1
 193600 ,2      ,1
 193600 ,5      ,0
 193600 ,8      ,0
 193650 ,3      ,1
 193700 ,4      ,1
 193750 ,1      ,0
 193750 ,2      ,0
 193750 ,5      ,1
 193800 ,3      ,0
 193850 ,4      ,0
 194050 ,1      ,1
 194050 ,5      ,0
 194100 ,2      ,1
 194100 ,7      ,0
 194100 ,8      ,1
 194150 ,3      ,1
 194200 ,1      ,0
 194200 ,4      ,1
 194250 ,2      ,0
 194250 ,5      ,1
 194300 ,3      ,0
 194350 ,4      ,0
 194600 ,1      ,1
 194600 ,2      ,1
 194600 ,5      ,0
 194700 ,3      ,1
 194750 ,1      ,0
 194750 ,4      ,1
 194800 ,2      ,0
 194800 ,5      ,1
 194850 ,3      ,0
 194900 ,4      ,0
 195100 ,1      ,1
 195100 ,2      ,1
 195100 ,5      ,0
 195100 ,6      ,0
 195200 ,3      ,1
 195250 ,1      ,0
 195250 ,4      ,1
 195300 ,2      ,0
 195300 ,5      ,1
 195350 ,3      ,0
 195350 ,6      ,1
 195350 ,7      ,1
 195350 ,8      ,0
 195400 ,4      ,0
 195600 ,1      ,1
 195600 ,2      ,1
 195600 ,5      ,0
 195700 ,3      ,1
 195750 ,1      ,0
 195750 ,4      ,1
 195800 ,2      ,0
 195800 ,5      ,1
 195850 ,3      ,0
 195900 ,4      ,0
 196050 ,1      ,1
 196050 ,2      ,1
 196050 ,5      ,0
 196050 ,8      ,1
 196150 ,3      ,1
 196200 ,1      ,0
 196200 ,4      ,1
 196250 ,2      ,0
 196250 ,5      ,1
 196300 ,3      ,0
 196350 ,4      ,0
 196500 ,1      ,1
 196500 ,5      ,0
 196550 ,2      ,1
 196550 ,6      ,0
 196550 ,8      ,0
 196600 ,3      ,1
 196650 ,1      ,0
 196650 ,4      ,1
 196700 ,2      ,0
 196700 ,5      ,1
 196750 ,3      ,0
 196800 ,4      ,0
 197000 ,1      ,1
 197000 ,2      ,1
 197000 ,5      ,0
 197000 ,6      ,1
 197000 ,7      ,0
 197000 ,8      ,1
 197100 ,3      ,1
 197150 ,1      ,0
 197150 ,4      ,1
 197200 ,2      ,0
 197200 ,5      ,1
 197250 ,3      ,0
 197300 ,4      ,0
 197450 ,1      ,1
 197500 ,2      ,1
 197500 ,5      ,0
 197500 ,7      ,1
 197550 ,3      ,1
 197600 ,1      ,0
 197600 ,4      ,1
 197650 ,2      ,0
 197650 ,5      ,1
 197700 ,3      ,0
 197750 ,4      ,0
 197950 ,1      ,1
 198000 ,2      ,1
 198000 ,5      ,0
 198000 ,6      ,0
 198000 ,8      ,0
 198050 ,3      ,1
 198100 ,1      ,0
 198100 ,4      ,1
 198150 ,2      ,0
 198150 ,5      ,1
 198200 ,3      ,0
 198250 ,4      ,0
 198250 ,6      ,1
 198250 ,7      ,0
 198400 ,1      ,1
 198450 ,2      ,1
 198450 ,5      ,0
 198500 ,3      ,1
 198550 ,1      ,0
 198550 ,4      ,1
 198600 ,2      ,0
 198600 ,5      ,1
 198650 ,3      ,0
 198700 ,4      ,0
 198900 ,1      ,1
 198950 ,2      ,1
 198950 ,5      ,0
 198950 ,6      ,0
 198950 ,8      ,1
 199000 ,3      ,1
 199050 ,1      ,0
 199050 ,4      ,1
 199100 ,2      ,0
 199100 ,5      ,1
 199150 ,3      ,0
 199200 ,4      ,0
 199400 ,1      ,1
 199400 ,5      ,0
 199450 ,2      ,1
 199450 ,7      ,1
 199500 ,3      ,1
 199550 ,1      ,0
 199550 ,4      ,1
 199600 ,2      ,0
 199600 ,5      ,1
 199650 ,3      ,0
 199700 ,4      ,0
 199850 ,1      ,1
 199850 ,5      ,0
 199900 ,2      ,1
 199950 ,3      ,1
 199950 ,6      ,1
 200000 ,1      ,0
 200000 ,4      ,1
 200050 ,2      ,0
 200050 ,5      ,1
 200100 ,3      ,0
 200150 ,4      ,0
 200300 ,6      ,0
 200300 ,7      ,0
 200300 ,8      ,0
 200400 ,1      ,1
 200400 ,5      ,0
 200400 ,6      ,1
 200400 ,7      ,1
 200400 ,8      ,1
 200450 ,2      ,1
 200500 ,3      ,1
 200550 ,4      ,1
 200600 ,5      ,1
 200900 ,2      ,0
 200900 ,3      ,0
 200900 ,4      ,0
 200900 ,5      ,0
 200950 ,2      ,1
 201000 ,3      ,1
 201050 ,4      ,1
 201100 ,5      ,1
 201150 ,6      ,0
 201150 ,7      ,0
 201150 ,8      ,0
 201400 ,2      ,0
 201400 ,3      ,0
 201400 ,4      ,0
 201400 ,5      ,0
 201450 ,2      ,1
 201500 ,3      ,1
 201550 ,4      ,1
 201600 ,5      ,1
 201850 ,2      ,0
 201850 ,3      ,0
 201850 ,4      ,0
 201850 ,5      ,0
 201850 ,6      ,1
 201900 ,2      ,1
 201950 ,3      ,1
 202000 ,4      ,1
 202050 ,5      ,1
 202350 ,2      ,0
 202350 ,3      ,0
 202350 ,4      ,0
 202350 ,5      ,0
 202400 ,2      ,1
 202400 ,7      ,1
 202450 ,3      ,1
 202500 ,4      ,1
 202550 ,5      ,1
 202800 ,2      ,0
 202800 ,3      ,0
 202800 ,4      ,0
 202800 ,5      ,0
 202850 ,2      ,1
 202900 ,3      ,1
 202950 ,4      ,1
 203000 ,5      ,1
 203100 ,6      ,0
 203100 ,8      ,1
 203300 ,2      ,0
 203300 ,3      ,0
 203300 ,4      ,0
 203300 ,5      ,0
 203350 ,2      ,1
 203350 ,6      ,1
 203400 ,3      ,1
 203450 ,4      ,1
 203500 ,5      ,1
 203800 ,2      ,0
 203800 ,3      ,0
 203800 ,4      ,0
 203800 ,5      ,0
 203850 ,2      ,1
 203850 ,6      ,0
 203850 ,8      ,0
 203900 ,3      ,1
 203950 ,4      ,1
 204000 ,5      ,1
 204100 ,6      ,1
 204100 ,8      ,1
 204300 ,2      ,0
 204300 ,3      ,0
 204300 ,4      ,0
 204300 ,5      ,0
 204350 ,2      ,1
 204350 ,6      ,0
 204400 ,3      ,1
 204450 ,4      ,1
 204500 ,5      ,1
 204750 ,2      ,0
 204750 ,3      ,0
 204750 ,4      ,0
 204750 ,5      ,0
 204800 ,2      ,1
 204800 ,7      ,0
 204850 ,3      ,1
 204900 ,4      ,1
 204950 ,5      ,1
 205200 ,2      ,0
 205200 ,3      ,0
 205200 ,4      ,0
 205200 ,5      ,0
 205250 ,2      ,1
 205300 ,3      ,1
 205350 ,4      ,1
 205400 ,5      ,1
 205750 ,8      ,0
 206200 ,2      ,0
 206200 ,3      ,0
 206200 ,4      ,0
 206200 ,5      ,0
 206200 ,7      ,1
 206250 ,2      ,1
 206300 ,3      ,1
 206350 ,4      ,1
 206400 ,5      ,1
 206700 ,2      ,0
 206700 ,3      ,0
 206700 ,4      ,0
 206700 ,5      ,0
 206750 ,2      ,1
 206800 ,3      ,1
 206850 ,4      ,1
 206900 ,5      ,1
 206950 ,6      ,1
 206950 ,7      ,0
 206950 ,8      ,1
 207200 ,2      ,0
 207200 ,3      ,0
 207200 ,4      ,0
 207200 ,5      ,0
 207250 ,2      ,1
 207300 ,3      ,1
 207350 ,4      ,1
 207400 ,5      ,1
 207650 ,6      ,0
 207650 ,7      ,1
 207650 ,8      ,0
 207700 ,2      ,0
 207700 ,3      ,0
 207700 ,4      ,0
 207700 ,5      ,0
 207750 ,2      ,1
 207800 ,3      ,1
 207850 ,4      ,1
 207900 ,5      ,1
 208150 ,2      ,0
 208150 ,3      ,0
 208150 ,4      ,0
 208150 ,5      ,0
 208150 ,6      ,1
 208150 ,7      ,0
 208150 ,8      ,1
 208200 ,2      ,1
 208250 ,3      ,1
 208300 ,4      ,1
 208350 ,5      ,1
 208600 ,2      ,0
 208600 ,3      ,0
 208600 ,4      ,0
 208600 ,5      ,0
 208600 ,6      ,0
 208600 ,8      ,0
 208650 ,2      ,1
 208700 ,3      ,1
 208750 ,4      ,1
 208800 ,5      ,1
 209100 ,1      ,0
 209100 ,2      ,0
 209100 ,4      ,0
 209100 ,5      ,0
 209100 ,7      ,1
 209150 ,2      ,1
 209150 ,4      ,1
 209150 ,6      ,1
 209200 ,1      ,1
 209200 ,5      ,1
 209200 ,8      ,1
 209600 ,6      ,0
 209600 ,7      ,0
 209600 ,8      ,0
 209950 ,1      ,0
 209950 ,2      ,0
 209950 ,3      ,0
 209950 ,4      ,0
 209950 ,7      ,1
 210000 ,4      ,1
 210000 ,6      ,1
 210050 ,3      ,1
 210050 ,8      ,1
 210100 ,2      ,1
 210150 ,1      ,1
 210600 ,1      ,0
 210600 ,2      ,0
 210600 ,3      ,0
 210600 ,4      ,0
 210600 ,5      ,0
 210600 ,6      ,0
 210600 ,7      ,0
 210600 ,8      ,0
 210700 ,4      ,1
 210700 ,5      ,1
 211400 ,3      ,1
 212300 ,2      ,1
 213000 ,1      ,1
 213000 ,6      ,1
 213000 ,7      ,1
 213000 ,8      ,1
 213850 ,1      ,0
 213850 ,2      ,0
 213850 ,3      ,0
 213850 ,4      ,0
 213850 ,5      ,0
 213850 ,6      ,0
 214500 ,1      ,1
 214500 ,3      ,1
 214500 ,7      ,0
 215000 ,1      ,0
 215000 ,2      ,1
 215000 ,3      ,0
 215000 ,4      ,1
 215450 ,2      ,0
 215450 ,3      ,1
 215450 ,4      ,0
 215450 ,5      ,1
 215450 ,6      ,1
 215450 ,7      ,1
 215450 ,8      ,0
 215900 ,3      ,0
 215900 ,5      ,0
 216000 ,5      ,1
 216000 ,6      ,0
 216150 ,4      ,1
 216300 ,3      ,1
 216450 ,2      ,1
 216450 ,6      ,1
 216600 ,1      ,1
 216750 ,6      ,0
 216750 ,8      ,1
 216950 ,6      ,1
 217250 ,1      ,0
 217250 ,2      ,0
 217250 ,3      ,0
 217250 ,4      ,0
 217250 ,5      ,0
 217400 ,3      ,1
 217400 ,5      ,1
 217400 ,7      ,0
 217400 ,8      ,0
 217850 ,2      ,1
 217850 ,3      ,0
 217850 ,4      ,1
 217850 ,5      ,0
 217850 ,8      ,1
 218350 ,1      ,1
 218350 ,2      ,0
 218350 ,3      ,1
 218350 ,4      ,0
 218350 ,6      ,0
 218350 ,7      ,1
 218850 ,3      ,0
 218900 ,2      ,1
 218950 ,3      ,1
 219000 ,4      ,1
 219050 ,5      ,1
 219350 ,6      ,1
 219350 ,7      ,0
 219350 ,8      ,0
 219650 ,6      ,0
 219650 ,7      ,1
 219650 ,8      ,1
 220200 ,1      ,0
 220200 ,2      ,0
 220200 ,3      ,0
 220200 ,4      ,0
 220200 ,5      ,0
 220300 ,1      ,1
 220300 ,2      ,1
 220300 ,3      ,1
 220300 ,4      ,1
 220300 ,5      ,1
 220300 ,6      ,1
 220300 ,7      ,0
 220300 ,8      ,0
 220750 ,2      ,0
 220750 ,4      ,0
 220750 ,5      ,0
 220750 ,6      ,0
 220750 ,7      ,1
 221250 ,1      ,0
 221250 ,2      ,1
 221250 ,3      ,0
 221250 ,4      ,1
 221250 ,5      ,1
 221250 ,7      ,0
 221250 ,8      ,1
 221750 ,1      ,1
 221750 ,2      ,0
 221750 ,3      ,1
 221750 ,4      ,0
 221750 ,5      ,0
 221750 ,6      ,1
 221750 ,7      ,1
 221750 ,8      ,0
 222550 ,1      ,0
 222550 ,3      ,0
 222550 ,6      ,0
 222550 ,7      ,0
 222550 ,8      ,1
 222750 ,7      ,1
 223150 ,3      ,1
 223150 ,5      ,1
 223150 ,6      ,1
 223150 ,7      ,0
 223150 ,8      ,0
 223650 ,2      ,1
 223650 ,3      ,0
 223650 ,4      ,1
 223650 ,5      ,0
 223650 ,6      ,0
 223650 ,7      ,1
 224150 ,1      ,1
 224150 ,2      ,0
 224150 ,3      ,1
 224150 ,4      ,0
 224150 ,7      ,0
 224150 ,8      ,1
 224600 ,1      ,0
 224600 ,3      ,0
 224700 ,1      ,1
 224700 ,2      ,1
 224700 ,3      ,1
 224700 ,4      ,1
 224700 ,5      ,1
 224700 ,6      ,1
 224700 ,7      ,1
 224700 ,8      ,0
 225150 ,7      ,0
 225150 ,8      ,1
 225400 ,8      ,0
 225700 ,1      ,0
 225700 ,2      ,0
 225700 ,3      ,0
 225700 ,4      ,0
 225700 ,5      ,0
 225800 ,1      ,1
 225800 ,2      ,1
 225800 ,3      ,1
 225800 ,4      ,1
 225800 ,5      ,1
 225950 ,6      ,0
 225950 ,7      ,1
 226100 ,6      ,1
 226550 ,2      ,0
 226550 ,4      ,0
 226550 ,5      ,0
 226600 ,8      ,1
 227350 ,1      ,0
 227350 ,2      ,1
 227350 ,3      ,0
 227350 ,4      ,1
 227350 ,6      ,0
 227650 ,2      ,0
 227650 ,3      ,1
 227650 ,4      ,0
 227650 ,8      ,0
 227950 ,7      ,0
 228800 ,3      ,0
 229700 ,1      ,1
 229700 ,3      ,1
 229700 ,6      ,1
 230350 ,1      ,0
 230350 ,2      ,1
 230350 ,3      ,0
 230350 ,4      ,1
 230350 ,6      ,0
 230350 ,8      ,1
 230900 ,2      ,0
 230900 ,3      ,1
 230900 ,4      ,0
 230900 ,5      ,1
 230900 ,7      ,1
 230900 ,8      ,0
 231400 ,3      ,0
 231400 ,7      ,0
 231400 ,8      ,1
 231500 ,3      ,1
 231600 ,1      ,1
 231650 ,1      ,0
 231650 ,3      ,0
 231650 ,5      ,0
 231650 ,8      ,0
 233000 ,1      ,1
 233000 ,3      ,1
 233000 ,8      ,1
 233350 ,1      ,0
 233350 ,3      ,0
 233450 ,1      ,1
 233450 ,3      ,1
 233450 ,6      ,1
 233450 ,8      ,0
 234050 ,2      ,1
 234050 ,4      ,1
 234050 ,6      ,0
 234050 ,7      ,1
 234450 ,1      ,0
 234450 ,2      ,0
 234450 ,3      ,0
 234450 ,4      ,0
 234450 ,5      ,1
 234450 ,7      ,0
 234450 ,8      ,1
 234500 ,4      ,1
 234550 ,3      ,1
 234600 ,2      ,1
 234650 ,1      ,1
 235000 ,1      ,0
 235000 ,2      ,0
 235000 ,3      ,0
 235000 ,4      ,0
 235000 ,5      ,0
 235300 ,6      ,1
 235300 ,8      ,0
 235850 ,6      ,0
 235850 ,7      ,1
 236000 ,1      ,1
 236000 ,3      ,1
 236000 ,7      ,0
 236350 ,1      ,0
 236350 ,3      ,0
 236450 ,1      ,1
 236450 ,3      ,1
 236950 ,1      ,0
 236950 ,2      ,1
 236950 ,3      ,0
 236950 ,4      ,1
 237150 ,2      ,0
 237150 ,3      ,1
 237150 ,4      ,0
 237150 ,5      ,1
 237450 ,2      ,1
 237450 ,3      ,0
 237450 ,4      ,1
 237450 ,5      ,0
 238950 ,1      ,1
 238950 ,2      ,0
 238950 ,4      ,0
 239450 ,1      ,0
 239450 ,3      ,1
 239950 ,3      ,0
 239950 ,5      ,1
 240400 ,5      ,0
 240500 ,5      ,1
 240600 ,4      ,1
 240700 ,3      ,1
 240800 ,2      ,1
 240900 ,1      ,1
 241350 ,1      ,0
 241450 ,2      ,0
 241500 ,3      ,0
 241600 ,4      ,0
 241700 ,5      ,0
 242500 ,5      ,1
 242550 ,4      ,1
 242600 ,3      ,1
 242650 ,2      ,1
 242700 ,1      ,1
 242800 ,5      ,0
 242850 ,4      ,0
 242900 ,3      ,0
 242950 ,2      ,0
 243000 ,1      ,0
 253250 ,1      ,0
 253250 ,2      ,0
 253250 ,3      ,0
 253250 ,4      ,0
 253250 ,5      ,0
 253250 ,6      ,0
 253250 ,7      ,0
 253250 ,8      ,0
 253280 ,END     ,1
