TIME(MS),COMMAND,VALUE
 001050 ,3      ,1
 001800 ,3      ,0
 002100 ,1      ,1
 002850 ,1      ,0
 003150 ,1      ,1
 003900 ,1      ,0
 004200 ,3      ,1
 004550 ,3      ,0
 004700 ,5      ,1
 005100 ,5      ,0
 005250 ,4      ,1
 006000 ,4      ,0
 006300 ,4      ,1
 006300 ,5      ,1
 006800 ,1      ,1
 006800 ,2      ,1
 007350 ,1      ,0
 007350 ,2      ,0
 007350 ,3      ,1
 007350 ,4      ,0
 007350 ,5      ,0
 007400 ,2      ,1
 007400 ,4      ,1
 007450 ,1      ,1
 007450 ,3      ,0
 007450 ,5      ,1
 007500 ,2      ,0
 007500 ,4      ,0
 007550 ,2      ,1
 007550 ,3      ,1
 007550 ,4      ,1
 008800 ,1      ,0
 008800 ,2      ,0
 008800 ,3      ,0
 008800 ,4      ,0
 008800 ,5      ,0
 009450 ,3      ,1
 010200 ,3      ,0
 010500 ,1      ,1
 011250 ,1      ,0
 011550 ,1      ,1
 012300 ,1      ,0
 012600 ,3      ,1
 012950 ,3      ,0
 013100 ,5      ,1
 013500 ,5      ,0
 013650 ,4      ,1
 014400 ,4      ,0
 014700 ,1      ,1
 014700 ,2      ,1
 015200 ,1      ,0
 015200 ,2      ,0
 015200 ,3      ,1
 015800 ,1      ,1
 015800 ,3      ,0
 015800 ,7      ,1
 015850 ,2      ,1
 015900 ,3      ,1
 015950 ,4      ,1
 016000 ,5      ,1
 016000 ,7      ,0
 016000 ,8      ,1
 016250 ,7      ,1
 016250 ,8      ,0
 016550 ,6      ,1
 016550 ,7      ,0
 016800 ,6      ,0
 016800 ,8      ,1
 017050 ,7      ,1
 017050 ,8      ,0
 017200 ,1      ,0
 017200 ,2      ,0
 017200 ,3      ,0
 017200 ,4      ,0
 017200 ,5      ,0
 017300 ,7      ,0
 017300 ,8      ,1
 017600 ,6      ,1
 017600 ,8      ,0
 017850 ,6      ,0
 017850 ,7      ,1
 018100 ,7      ,0
 018100 ,8      ,1
 018350 ,7      ,1
 018350 ,8      ,0
 018650 ,6      ,1
 018650 ,7      ,0
 018900 ,6      ,0
 018900 ,8      ,1
 019150 ,6      ,1
 019150 ,8      ,0
 019200 ,7      ,1
 019250 ,6      ,0
 019250 ,8      ,1
 019300 ,7      ,0
 019450 ,5      ,1
 019650 ,7      ,1
 019650 ,8      ,0
 019950 ,1      ,1
 019950 ,5      ,0
 019950 ,6      ,1
 019950 ,7      ,0
 020200 ,6      ,0
 020200 ,8      ,1
 020450 ,7      ,1
 020450 ,8      ,0
 020700 ,1      ,0
 020700 ,3      ,1
 020700 ,7      ,0
 020700 ,8      ,1
 021000 ,3      ,0
 021000 ,5      ,1
 021000 ,6      ,1
 021000 ,8      ,0
 021250 ,6      ,0
 021250 ,7      ,1
 021500 ,4      ,1
 021500 ,5      ,0
 021500 ,7      ,0
 021500 ,8      ,1
 021750 ,7      ,1
 021750 ,8      ,0
 022050 ,2      ,1
 022050 ,4      ,0
 022050 ,6      ,1
 022050 ,7      ,0
 022300 ,6      ,0
 022300 ,8      ,1
 022550 ,6      ,1
 022550 ,8      ,0
 022800 ,6      ,0
 022800 ,7      ,1
 023100 ,2      ,0
 023100 ,3      ,1
 023100 ,6      ,1
 023100 ,7      ,0
 023350 ,6      ,0
 023350 ,8      ,1
 023600 ,3      ,0
 023600 ,4      ,1
 023600 ,7      ,1
 023600 ,8      ,0
 023850 ,7      ,0
 023850 ,8      ,1
 024150 ,2      ,1
 024150 ,6      ,1
 024150 ,8      ,0
 024400 ,6      ,0
 024400 ,7      ,1
 024650 ,7      ,0
 024650 ,8      ,1
 024900 ,7      ,1
 024900 ,8      ,0
 025150 ,2      ,0
 025150 ,3      ,1
 025150 ,4      ,0
 025150 ,5      ,1
 025200 ,6      ,1
 025200 ,7      ,0
 025450 ,6      ,0
 025450 ,8      ,1
 025700 ,2      ,1
 025700 ,3      ,0
 025700 ,4      ,1
 025700 ,5      ,0
 025700 ,6      ,1
 025700 ,8      ,0
 025950 ,6      ,0
 025950 ,7      ,1
 026250 ,1      ,1
 026250 ,2      ,0
 026250 ,3      ,1
 026250 ,4      ,0
 026250 ,6      ,1
 026250 ,7      ,0
 026500 ,6      ,0
 026500 ,8      ,1
 026750 ,1      ,0
 026750 ,3      ,0
 026750 ,7      ,1
 026750 ,8      ,0
 027000 ,7      ,0
 027000 ,8      ,1
 027300 ,6      ,1
 027300 ,8      ,0
 027550 ,6      ,0
 027550 ,7      ,1
 027800 ,3      ,1
 027800 ,7      ,0
 027800 ,8      ,1
 028050 ,7      ,1
 028050 ,8      ,0
 028350 ,1      ,1
 028350 ,3      ,0
 028350 ,6      ,1
 028350 ,7      ,0
 028600 ,6      ,0
 028600 ,8      ,1
 028850 ,6      ,1
 028850 ,8      ,0
 029100 ,1      ,0
 029100 ,3      ,1
 029100 ,6      ,0
 029100 ,7      ,1
 029400 ,3      ,0
 029400 ,5      ,1
 029400 ,6      ,1
 029400 ,7      ,0
 029650 ,6      ,0
 029650 ,8      ,1
 029900 ,4      ,1
 029900 ,5      ,0
 029900 ,7      ,1
 029900 ,8      ,0
 030150 ,7      ,0
 030150 ,8      ,1
 030450 ,3      ,1
 030450 ,4      ,0
 030450 ,6      ,1
 030450 ,8      ,0
 030700 ,6      ,0
 030700 ,7      ,1
 030950 ,2      ,1
 030950 ,3      ,0
 030950 ,7      ,0
 030950 ,8      ,1
 031200 ,7      ,1
 031200 ,8      ,0
 031500 ,2      ,0
 031500 ,3      ,1
 031500 ,6      ,1
 031500 ,7      ,0
 031750 ,6      ,0
 031750 ,8      ,1
 032000 ,3      ,0
 032000 ,4      ,1
 032000 ,6      ,1
 032000 ,8      ,0
 032250 ,6      ,0
 032250 ,7      ,1
 032500 ,4      ,0
 032500 ,5      ,1
 032550 ,6      ,1
 032550 ,7      ,0
 032800 ,6      ,0
 032800 ,8      ,1
 033050 ,7      ,1
 033050 ,8      ,0
 033300 ,1      ,1
 033300 ,5      ,0
 033300 ,7      ,0
 033300 ,8      ,1
 033600 ,6      ,1
 033600 ,8      ,0
 033850 ,6      ,0
 033850 ,7      ,1
 033900 ,3      ,1
 034100 ,7      ,0
 034100 ,8      ,1
 034300 ,1      ,0
 034300 ,2      ,1
 034300 ,3      ,0
 034300 ,4      ,1
 034350 ,7      ,1
 034350 ,8      ,0
 034600 ,2      ,0
 034600 ,3      ,1
 034600 ,4      ,0
 034600 ,5      ,1
 034650 ,6      ,1
 034650 ,7      ,0
 034900 ,6      ,0
 034900 ,8      ,1
 034950 ,3      ,0
 034950 ,5      ,0
 035150 ,6      ,1
 035150 ,8      ,0
 035400 ,6      ,0
 035400 ,7      ,1
 035700 ,6      ,1
 035700 ,7      ,0
 035950 ,6      ,0
 035950 ,8      ,1
 036200 ,5      ,1
 036200 ,7      ,1
 036200 ,8      ,0
 036450 ,7      ,0
 036450 ,8      ,1
 036700 ,1      ,1
 036700 ,5      ,0
 036750 ,6      ,1
 036750 ,8      ,0
 037000 ,6      ,0
 037000 ,7      ,1
 037250 ,7      ,0
 037250 ,8      ,1
 037450 ,1      ,0
 037450 ,3      ,1
 037500 ,7      ,1
 037500 ,8      ,0
 037750 ,3      ,0
 037750 ,5      ,1
 037800 ,6      ,1
 037800 ,7      ,0
 038050 ,6      ,0
 038050 ,8      ,1
 038250 ,4      ,1
 038250 ,5      ,0
 038300 ,6      ,1
 038300 ,8      ,0
 038550 ,6      ,0
 038550 ,7      ,1
 038800 ,2      ,1
 038800 ,4      ,0
 038850 ,6      ,1
 038850 ,7      ,0
 039100 ,6      ,0
 039100 ,8      ,1
 039250 ,2      ,0
 039350 ,2      ,1
 039350 ,7      ,1
 039350 ,8      ,0
 039600 ,7      ,0
 039600 ,8      ,1
 039900 ,2      ,0
 039900 ,3      ,1
 039900 ,6      ,1
 039900 ,8      ,0
 040150 ,3      ,0
 040150 ,4      ,1
 040150 ,6      ,0
 040150 ,7      ,1
 040400 ,7      ,0
 040400 ,8      ,1
 040650 ,7      ,1
 040650 ,8      ,0
 040950 ,1      ,1
 040950 ,4      ,0
 040950 ,6      ,1
 040950 ,7      ,0
 041200 ,6      ,0
 041200 ,8      ,1
 041450 ,1      ,0
 041450 ,4      ,1
 041450 ,6      ,1
 041450 ,8      ,0
 041700 ,6      ,0
 041700 ,7      ,1
 042000 ,3      ,1
 042000 ,4      ,0
 042000 ,6      ,1
 042000 ,7      ,0
 042250 ,2      ,1
 042250 ,3      ,0
 042250 ,6      ,0
 042250 ,8      ,1
 042500 ,7      ,1
 042500 ,8      ,0
 042700 ,1      ,1
 042700 ,2      ,0
 042750 ,7      ,0
 042750 ,8      ,1
 043050 ,6      ,1
 043050 ,8      ,0
 043300 ,6      ,0
 043300 ,7      ,1
 043550 ,7      ,0
 043550 ,8      ,1
 043800 ,7      ,1
 043800 ,8      ,0
 044000 ,1      ,0
 044100 ,6      ,1
 044100 ,7      ,0
 044350 ,6      ,0
 044350 ,8      ,1
 044600 ,5      ,1
 044600 ,6      ,1
 044600 ,8      ,0
 044850 ,6      ,0
 044850 ,7      ,1
 045100 ,1      ,1
 045100 ,5      ,0
 045150 ,6      ,1
 045150 ,7      ,0
 045400 ,6      ,0
 045400 ,8      ,1
 045550 ,1      ,0
 045550 ,2      ,1
 045650 ,7      ,1
 045650 ,8      ,0
 045900 ,7      ,0
 045900 ,8      ,1
 046150 ,2      ,0
 046150 ,5      ,1
 046200 ,6      ,1
 046200 ,8      ,0
 046450 ,4      ,1
 046450 ,5      ,0
 046450 ,6      ,0
 046450 ,7      ,1
 046700 ,7      ,0
 046700 ,8      ,1
 046950 ,7      ,1
 046950 ,8      ,0
 047200 ,2      ,1
 047250 ,6      ,1
 047250 ,7      ,0
 047500 ,6      ,0
 047500 ,8      ,1
 047750 ,1      ,1
 047750 ,2      ,0
 047750 ,3      ,1
 047750 ,4      ,0
 047750 ,6      ,1
 047750 ,8      ,0
 048000 ,6      ,0
 048000 ,7      ,1
 048200 ,1      ,0
 048200 ,2      ,1
 048200 ,3      ,0
 048200 ,4      ,1
 048300 ,6      ,1
 048300 ,7      ,0
 048550 ,2      ,0
 048550 ,3      ,1
 048550 ,4      ,0
 048550 ,5      ,1
 048550 ,6      ,0
 048550 ,8      ,1
 048800 ,7      ,1
 048800 ,8      ,0
 048950 ,3      ,0
 048950 ,5      ,0
 049050 ,7      ,0
 049050 ,8      ,1
 049300 ,2      ,1
 049300 ,4      ,1
 049350 ,6      ,1
 049350 ,8      ,0
 049600 ,6      ,0
 049600 ,7      ,1
 049850 ,7      ,0
 049850 ,8      ,1
 050100 ,1      ,1
 050100 ,2      ,0
 050100 ,3      ,1
 050100 ,4      ,0
 050100 ,7      ,1
 050100 ,8      ,0
 050400 ,6      ,1
 050400 ,7      ,0
 050650 ,1      ,0
 050650 ,2      ,1
 050650 ,3      ,0
 050650 ,4      ,1
 050650 ,6      ,0
 050650 ,8      ,1
 050850 ,2      ,0
 050850 ,4      ,0
 050900 ,6      ,1
 050900 ,8      ,0
 050950 ,2      ,1
 050950 ,4      ,1
 051150 ,6      ,0
 051150 ,7      ,1
 051400 ,2      ,0
 051400 ,3      ,1
 051400 ,4      ,0
 051450 ,2      ,1
 051450 ,4      ,1
 051450 ,6      ,1
 051450 ,7      ,0
 051500 ,1      ,1
 051500 ,5      ,1
 051700 ,6      ,0
 051700 ,8      ,1
 051950 ,7      ,1
 051950 ,8      ,0
 052200 ,7      ,0
 052250 ,6      ,1
 052300 ,6      ,0
 052300 ,7      ,1
 052350 ,7      ,0
 052350 ,8      ,1
 052400 ,6      ,1
 052400 ,8      ,0
 052450 ,6      ,0
 052500 ,1      ,0
 052500 ,2      ,0
 052500 ,3      ,0
 052500 ,4      ,0
 052500 ,5      ,0
 052500 ,6      ,1
 052500 ,7      ,1
 052500 ,8      ,1
 052600 ,6      ,0
 052600 ,8      ,0
 052700 ,7      ,0
 052750 ,6      ,1
 052750 ,7      ,1
 052750 ,8      ,1
 053000 ,6      ,0
 053000 ,7      ,0
 053150 ,6      ,1
 053150 ,7      ,1
 053250 ,6      ,0
 053250 ,7      ,0
 053250 ,8      ,0
 053300 ,7      ,1
 053300 ,8      ,1
 053550 ,2      ,1
 053550 ,4      ,1
 053550 ,6      ,1
 053550 ,7      ,0
 053550 ,8      ,0
 053600 ,7      ,1
 053650 ,8      ,1
 053700 ,6      ,0
 053700 ,8      ,0
 053750 ,2      ,0
 053750 ,4      ,0
 053850 ,2      ,1
 053850 ,4      ,1
 054200 ,7      ,0
 054200 ,8      ,1
 054350 ,1      ,1
 054350 ,2      ,0
 054350 ,3      ,1
 054350 ,4      ,0
 054350 ,7      ,1
 054350 ,8      ,0
 054600 ,1      ,0
 054600 ,2      ,1
 054600 ,3      ,0
 054600 ,4      ,1
 055150 ,6      ,1
 055150 ,7      ,0
 055250 ,6      ,0
 055250 ,7      ,1
 055400 ,2      ,0
 055400 ,3      ,1
 055400 ,4      ,0
 055400 ,5      ,1
 055400 ,6      ,1
 055400 ,7      ,0
 055550 ,3      ,0
 055550 ,5      ,0
 055650 ,2      ,1
 055700 ,3      ,1
 055750 ,2      ,0
 055750 ,4      ,1
 055950 ,6      ,0
 055950 ,7      ,1
 056200 ,7      ,0
 056200 ,8      ,1
 056350 ,7      ,1
 056350 ,8      ,0
 056450 ,7      ,0
 056450 ,8      ,1
 056650 ,3      ,0
 056650 ,4      ,0
 056750 ,3      ,1
 056800 ,4      ,1
 056850 ,3      ,0
 056850 ,5      ,1
 056900 ,4      ,0
 057000 ,7      ,1
 057000 ,8      ,0
 057250 ,5      ,0
 057250 ,6      ,1
 057250 ,7      ,0
 057350 ,6      ,0
 057350 ,7      ,1
 057500 ,3      ,1
 057500 ,6      ,1
 057500 ,7      ,0
 057800 ,1      ,1
 057800 ,2      ,1
 057800 ,3      ,0
 057800 ,6      ,0
 057800 ,8      ,1
 058050 ,7      ,1
 058050 ,8      ,0
 058200 ,1      ,0
 058200 ,2      ,0
 058300 ,1      ,1
 058300 ,2      ,1
 058300 ,7      ,0
 058300 ,8      ,1
 058400 ,6      ,1
 058400 ,8      ,0
 058550 ,1      ,0
 058550 ,3      ,1
 058550 ,6      ,0
 058550 ,8      ,1
 058700 ,2      ,0
 058700 ,3      ,0
 058800 ,2      ,1
 058800 ,3      ,1
 059100 ,7      ,1
 059100 ,8      ,0
 059250 ,2      ,0
 059250 ,3      ,0
 059350 ,2      ,1
 059350 ,3      ,1
 059350 ,6      ,1
 059350 ,7      ,0
 059500 ,6      ,0
 059500 ,7      ,1
 059600 ,2      ,0
 059600 ,4      ,1
 059600 ,6      ,1
 059600 ,7      ,0
 059900 ,1      ,1
 059900 ,3      ,0
 059900 ,4      ,0
 059900 ,6      ,0
 059900 ,8      ,1
 059950 ,2      ,1
 060000 ,1      ,0
 060000 ,3      ,1
 060000 ,7      ,1
 060000 ,8      ,0
 060050 ,2      ,0
 060050 ,4      ,1
 060100 ,3      ,0
 060100 ,5      ,1
 060150 ,4      ,0
 060150 ,7      ,0
 060150 ,8      ,1
 060400 ,5      ,0
 060400 ,6      ,1
 060400 ,8      ,0
 060550 ,6      ,0
 060550 ,7      ,1
 060650 ,6      ,1
 060650 ,7      ,0
 060950 ,6      ,0
 060950 ,7      ,1
 061050 ,6      ,1
 061050 ,7      ,0
 061200 ,6      ,0
 061200 ,8      ,1
 061450 ,4      ,1
 061450 ,6      ,1
 061450 ,7      ,1
 062000 ,3      ,1
 062000 ,4      ,0
 062000 ,5      ,1
 062000 ,6      ,0
 062000 ,8      ,0
 062600 ,7      ,0
 062600 ,8      ,1
 062650 ,3      ,0
 062650 ,5      ,0
 062750 ,3      ,1
 062750 ,5      ,1
 062750 ,7      ,1
 062750 ,8      ,0
 062950 ,3      ,0
 062950 ,4      ,1
 062950 ,5      ,0
 063250 ,3      ,1
 063250 ,4      ,0
 063250 ,5      ,1
 063300 ,6      ,1
 063300 ,7      ,0
 063550 ,6      ,0
 063550 ,8      ,1
 063700 ,7      ,1
 063700 ,8      ,0
 063800 ,7      ,0
 063800 ,8      ,1
 064100 ,2      ,1
 064100 ,3      ,0
 064100 ,4      ,1
 064100 ,5      ,0
 064350 ,6      ,1
 064350 ,8      ,0
 064600 ,6      ,0
 064600 ,7      ,1
 064700 ,6      ,1
 064700 ,7      ,0
 064850 ,6      ,0
 064850 ,7      ,1
 065050 ,1      ,1
 065050 ,2      ,0
 065050 ,3      ,1
 065050 ,4      ,0
 065350 ,1      ,0
 065350 ,2      ,1
 065350 ,3      ,0
 065350 ,4      ,1
 065400 ,7      ,0
 065400 ,8      ,1
 065550 ,2      ,0
 065550 ,4      ,0
 065650 ,2      ,1
 065650 ,4      ,1
 065650 ,6      ,1
 065650 ,8      ,0
 065750 ,6      ,0
 065750 ,7      ,1
 065900 ,2      ,0
 065900 ,3      ,1
 065900 ,4      ,0
 065900 ,5      ,1
 065900 ,6      ,1
 065900 ,7      ,0
 066050 ,1      ,1
 066100 ,2      ,1
 066100 ,3      ,0
 066100 ,5      ,0
 066150 ,1      ,0
 066150 ,3      ,1
 066200 ,2      ,0
 066400 ,6      ,0
 066400 ,8      ,1
 066700 ,7      ,1
 066700 ,8      ,0
 066850 ,7      ,0
 066850 ,8      ,1
 066950 ,7      ,1
 066950 ,8      ,0
 067100 ,3      ,0
 067150 ,2      ,1
 067200 ,3      ,1
 067250 ,2      ,0
 067250 ,4      ,1
 067300 ,3      ,0
 067500 ,6      ,1
 067500 ,7      ,0
 067750 ,6      ,0
 067750 ,7      ,1
 067850 ,7      ,0
 067850 ,8      ,1
 068000 ,7      ,1
 068000 ,8      ,0
 068100 ,1      ,1
 068100 ,4      ,0
 068150 ,2      ,1
 068200 ,1      ,0
 068200 ,3      ,1
 068250 ,2      ,0
 068250 ,4      ,1
 068300 ,3      ,0
 068300 ,5      ,1
 068300 ,6      ,1
 068300 ,7      ,0
 068350 ,4      ,0
 068400 ,6      ,0
 068400 ,7      ,1
 068550 ,6      ,1
 068550 ,7      ,0
 068800 ,5      ,0
 068800 ,6      ,0
 068800 ,8      ,1
 068950 ,7      ,1
 068950 ,8      ,0
 069050 ,7      ,0
 069050 ,8      ,1
 069350 ,6      ,1
 069350 ,8      ,0
 069400 ,6      ,0
 069400 ,7      ,1
 069550 ,6      ,1
 069550 ,7      ,0
 069850 ,4      ,1
 069850 ,7      ,1
 069850 ,8      ,1
 069900 ,3      ,1
 069900 ,5      ,1
 070200 ,6      ,0
 070200 ,7      ,0
 070200 ,8      ,0
 070400 ,4      ,0
 070400 ,5      ,0
 070400 ,6      ,1
 070400 ,7      ,1
 070400 ,8      ,1
 070800 ,3      ,0
 070900 ,3      ,1
 070900 ,6      ,0
 070900 ,8      ,0
 071050 ,6      ,1
 071050 ,7      ,0
 071150 ,6      ,0
 071150 ,7      ,1
 071250 ,3      ,0
 071350 ,3      ,1
 071700 ,7      ,0
 071700 ,8      ,1
 071950 ,6      ,1
 071950 ,7      ,1
 071950 ,8      ,0
 072000 ,3      ,0
 072000 ,4      ,1
 072050 ,7      ,0
 072200 ,7      ,1
 072450 ,4      ,0
 072450 ,5      ,1
 072500 ,1      ,1
 072500 ,8      ,1
 072650 ,1      ,0
 072900 ,8      ,0
 073000 ,1      ,1
 073000 ,7      ,0
 073000 ,8      ,1
 073150 ,7      ,1
 073200 ,8      ,0
 073300 ,2      ,1
 073300 ,7      ,0
 073300 ,8      ,1
 073450 ,8      ,0
 073550 ,3      ,1
 073550 ,5      ,0
 073550 ,6      ,0
 073550 ,7      ,1
 073550 ,8      ,1
 073650 ,6      ,1
 073650 ,7      ,0
 073800 ,1      ,0
 073800 ,2      ,0
 073800 ,3      ,0
 073800 ,6      ,0
 073800 ,7      ,1
 073800 ,8      ,0
 074050 ,3      ,1
 074050 ,6      ,1
 074050 ,8      ,1
 074100 ,2      ,1
 074100 ,4      ,1
 074200 ,7      ,0
 074300 ,7      ,1
 074500 ,6      ,0
 074500 ,7      ,0
 074500 ,8      ,0
 074600 ,3      ,0
 074600 ,4      ,0
 074600 ,6      ,1
 074850 ,6      ,0
 074850 ,7      ,1
 075250 ,2      ,0
 075250 ,7      ,0
 075250 ,8      ,1
 075350 ,2      ,1
 075350 ,6      ,1
 075350 ,8      ,0
 075550 ,2      ,0
 075650 ,2      ,1
 075900 ,6      ,0
 075900 ,7      ,1
 075950 ,2      ,0
 075950 ,3      ,1
 076150 ,7      ,0
 076150 ,8      ,1
 076300 ,6      ,1
 076450 ,3      ,0
 076450 ,4      ,1
 076450 ,6      ,0
 076700 ,7      ,1
 076700 ,8      ,0
 076800 ,1      ,1
 076800 ,6      ,1
 076800 ,7      ,0
 076800 ,8      ,1
 076900 ,6      ,0
 076950 ,1      ,0
 076950 ,6      ,1
 076950 ,7      ,1
 076950 ,8      ,0
 077200 ,1      ,1
 077200 ,6      ,0
 077200 ,7      ,0
 077200 ,8      ,1
 077300 ,6      ,1
 077350 ,7      ,1
 077400 ,6      ,0
 077450 ,2      ,1
 077450 ,7      ,0
 077500 ,6      ,1
 077650 ,6      ,0
 077700 ,3      ,1
 077700 ,4      ,0
 077700 ,6      ,1
 077700 ,7      ,1
 077700 ,8      ,0
 077900 ,6      ,0
 078000 ,1      ,0
 078000 ,2      ,0
 078000 ,3      ,0
 078000 ,7      ,0
 078000 ,8      ,1
 078250 ,5      ,1
 078250 ,6      ,1
 078250 ,7      ,1
 078550 ,6      ,0
 078550 ,8      ,0
 078800 ,1      ,1
 078800 ,3      ,1
 078800 ,5      ,0
 078800 ,7      ,0
 078800 ,8      ,1
 078900 ,7      ,1
 078900 ,8      ,0
 079050 ,7      ,0
 079050 ,8      ,1
 079200 ,1      ,0
 079200 ,3      ,0
 079300 ,1      ,1
 079300 ,3      ,1
 079300 ,6      ,1
 079300 ,8      ,0
 079450 ,7      ,1
 079600 ,7      ,0
 079750 ,1      ,0
 079750 ,3      ,0
 079850 ,1      ,1
 079850 ,3      ,1
 079850 ,6      ,0
 079850 ,8      ,1
 079950 ,7      ,1
 080100 ,1      ,0
 080100 ,2      ,1
 080100 ,3      ,0
 080100 ,4      ,1
 080100 ,6      ,1
 080100 ,7      ,0
 080150 ,8      ,0
 080350 ,6      ,0
 080350 ,7      ,1
 080450 ,8      ,1
 080600 ,8      ,0
 080900 ,2      ,0
 080900 ,3      ,1
 080900 ,4      ,0
 080900 ,5      ,1
 080900 ,6      ,1
 080900 ,7      ,0
 081000 ,7      ,1
 081150 ,7      ,0
 081400 ,6      ,0
 081400 ,8      ,1
 081550 ,7      ,1
 081700 ,7      ,0
 081850 ,3      ,0
 081950 ,6      ,1
 081950 ,8      ,0
 082050 ,7      ,1
 082200 ,5      ,0
 082200 ,6      ,0
 082200 ,7      ,0
 082200 ,8      ,1
 082450 ,6      ,1
 082450 ,8      ,0
 082600 ,7      ,1
 082700 ,7      ,0
 082750 ,3      ,1
 083000 ,2      ,1
 083000 ,3      ,0
 083000 ,6      ,0
 083000 ,8      ,1
 083100 ,7      ,1
 083100 ,8      ,0
 083250 ,7      ,0
 083250 ,8      ,1
 083500 ,7      ,1
 083500 ,8      ,0
 083650 ,6      ,1
 083650 ,7      ,0
 083800 ,1      ,1
 083800 ,2      ,0
 083800 ,6      ,0
 083800 ,7      ,1
 084050 ,7      ,0
 084050 ,8      ,1
 084300 ,1      ,0
 084300 ,2      ,1
 084300 ,7      ,1
 084300 ,8      ,0
 084550 ,2      ,0
 084550 ,3      ,1
 084550 ,6      ,1
 084550 ,7      ,0
 084650 ,8      ,1
 084800 ,8      ,0
 085100 ,1      ,1
 085100 ,3      ,0
 085100 ,5      ,1
 085100 ,6      ,0
 085100 ,7      ,1
 085200 ,7      ,0
 085200 ,8      ,1
 085350 ,7      ,1
 085350 ,8      ,0
 085600 ,6      ,1
 085600 ,7      ,0
 085750 ,6      ,0
 085750 ,7      ,1
 085900 ,7      ,0
 085900 ,8      ,1
 086150 ,1      ,0
 086150 ,5      ,0
 086150 ,7      ,1
 086150 ,8      ,0
 086250 ,6      ,1
 086250 ,7      ,0
 086400 ,6      ,0
 086400 ,7      ,1
 086650 ,7      ,0
 086650 ,8      ,1
 086750 ,6      ,1
 086950 ,6      ,0
 086950 ,7      ,1
 086950 ,8      ,0
 087100 ,7      ,0
 087200 ,3      ,1
 087950 ,3      ,0
 088250 ,1      ,1
 089000 ,1      ,0
 089300 ,1      ,1
 090050 ,1      ,0
 090350 ,3      ,1
 090700 ,3      ,0
 090850 ,5      ,1
 091250 ,5      ,0
 091400 ,4      ,1
 092150 ,4      ,0
 092450 ,4      ,1
 092450 ,5      ,1
 092950 ,1      ,1
 092950 ,2      ,1
 093500 ,1      ,0
 093500 ,2      ,0
 093500 ,3      ,1
 093500 ,4      ,0
 093500 ,5      ,0
 093550 ,2      ,1
 093550 ,4      ,1
 093600 ,1      ,1
 093600 ,3      ,0
 093600 ,5      ,1
 093650 ,2      ,0
 093650 ,4      ,0
 093700 ,2      ,1
 093700 ,3      ,1
 093700 ,4      ,1
 094950 ,1      ,0
 094950 ,2      ,0
 094950 ,3      ,0
 094950 ,4      ,0
 094950 ,5      ,0
 095600 ,3      ,1
 096350 ,3      ,0
 096650 ,1      ,1
 097400 ,1      ,0
 097700 ,1      ,1
 098450 ,1      ,0
 098750 ,3      ,1
 099100 ,3      ,0
 099250 ,5      ,1
 099650 ,5      ,0
 099800 ,4      ,1
 100550 ,4      ,0
 100850 ,1      ,1
 100850 ,2      ,1
 101350 ,1      ,0
 101350 ,2      ,0
 101350 ,3      ,1
 101950 ,1      ,1
 101950 ,3      ,0
 101950 ,7      ,1
 102000 ,2      ,1
 102050 ,3      ,1
 102100 ,4      ,1
 102150 ,5      ,1
 102150 ,7      ,0
 102150 ,8      ,1
 102400 ,7      ,1
 102400 ,8      ,0
 102700 ,6      ,1
 102700 ,7      ,0
 102950 ,6      ,0
 102950 ,8      ,1
 103200 ,7      ,1
 103200 ,8      ,0
 103350 ,1      ,0
 103350 ,2      ,0
 103350 ,3      ,0
 103350 ,4      ,0
 103350 ,5      ,0
 103450 ,7      ,0
 103450 ,8      ,1
 103750 ,6      ,1
 103750 ,8      ,0
 104000 ,6      ,0
 104000 ,7      ,1
 104250 ,7      ,0
 104250 ,8      ,1
 104500 ,7      ,1
 104500 ,8      ,0
 104800 ,6      ,1
 104800 ,7      ,0
 105050 ,6      ,0
 105050 ,8      ,1
 105300 ,6      ,1
 105300 ,8      ,0
 105350 ,7      ,1
 105400 ,6      ,0
 105400 ,8      ,1
 105450 ,7      ,0
 105600 ,5      ,1
 105800 ,7      ,1
 105800 ,8      ,0
 106100 ,1      ,1
 106100 ,5      ,0
 106100 ,6      ,1
 106100 ,7      ,0
 106350 ,6      ,0
 106350 ,8      ,1
 106600 ,7      ,1
 106600 ,8      ,0
 106850 ,1      ,0
 106850 ,3      ,1
 106850 ,7      ,0
 106850 ,8      ,1
 107150 ,3      ,0
 107150 ,5      ,1
 107150 ,6      ,1
 107150 ,8      ,0
 107400 ,6      ,0
 107400 ,7      ,1
 107650 ,4      ,1
 107650 ,5      ,0
 107650 ,7      ,0
 107650 ,8      ,1
 107900 ,7      ,1
 107900 ,8      ,0
 108200 ,2      ,1
 108200 ,4      ,0
 108200 ,6      ,1
 108200 ,7      ,0
 108450 ,6      ,0
 108450 ,8      ,1
 108700 ,6      ,1
 108700 ,8      ,0
 108950 ,6      ,0
 108950 ,7      ,1
 109200 ,2      ,0
 109200 ,3      ,1
 109250 ,6      ,1
 109250 ,7      ,0
 109500 ,3      ,0
 109500 ,4      ,1
 109500 ,6      ,0
 109500 ,8      ,1
 109750 ,7      ,1
 109750 ,8      ,0
 109800 ,4      ,0
 110000 ,7      ,0
 110000 ,8      ,1
 110200 ,4      ,1
 110300 ,2      ,1
 110300 ,6      ,1
 110300 ,8      ,0
 110550 ,6      ,0
 110550 ,7      ,1
 110800 ,7      ,0
 110800 ,8      ,1
 111050 ,7      ,1
 111050 ,8      ,0
 111300 ,2      ,0
 111300 ,3      ,1
 111300 ,4      ,0
 111300 ,5      ,1
 111350 ,6      ,1
 111350 ,7      ,0
 111600 ,6      ,0
 111600 ,8      ,1
 111800 ,2      ,1
 111800 ,3      ,0
 111800 ,4      ,1
 111800 ,5      ,0
 111850 ,6      ,1
 111850 ,8      ,0
 112100 ,6      ,0
 112100 ,7      ,1
 112350 ,1      ,1
 112350 ,2      ,0
 112350 ,3      ,1
 112350 ,4      ,0
 112400 ,6      ,1
 112400 ,7      ,0
 112650 ,6      ,0
 112650 ,8      ,1
 112900 ,1      ,0
 112900 ,3      ,0
 112900 ,7      ,1
 112900 ,8      ,0
 113150 ,7      ,0
 113150 ,8      ,1
 113450 ,6      ,1
 113450 ,8      ,0
 113700 ,6      ,0
 113700 ,7      ,1
 113950 ,3      ,1
 113950 ,7      ,0
 113950 ,8      ,1
 114200 ,7      ,1
 114200 ,8      ,0
 114500 ,1      ,1
 114500 ,3      ,0
 114500 ,6      ,1
 114500 ,7      ,0
 114750 ,6      ,0
 114750 ,8      ,1
 115000 ,6      ,1
 115000 ,8      ,0
 115250 ,1      ,0
 115250 ,3      ,1
 115250 ,6      ,0
 115250 ,7      ,1
 115550 ,3      ,0
 115550 ,5      ,1
 115550 ,6      ,1
 115550 ,7      ,0
 115800 ,6      ,0
 115800 ,8      ,1
 115900 ,4      ,1
 115900 ,5      ,0
 116050 ,7      ,1
 116050 ,8      ,0
 116300 ,7      ,0
 116300 ,8      ,1
 116600 ,3      ,1
 116600 ,4      ,0
 116600 ,6      ,1
 116600 ,8      ,0
 116850 ,6      ,0
 116850 ,7      ,1
 117100 ,2      ,1
 117100 ,3      ,0
 117100 ,7      ,0
 117100 ,8      ,1
 117350 ,7      ,1
 117350 ,8      ,0
 117650 ,2      ,0
 117650 ,3      ,1
 117650 ,6      ,1
 117650 ,7      ,0
 117850 ,3      ,0
 117850 ,4      ,1
 117900 ,6      ,0
 117900 ,8      ,1
 118200 ,4      ,0
 118200 ,6      ,1
 118200 ,8      ,0
 118400 ,6      ,0
 118400 ,7      ,1
 118700 ,5      ,1
 118700 ,6      ,1
 118700 ,7      ,0
 118950 ,6      ,0
 118950 ,8      ,1
 119100 ,1      ,1
 119100 ,5      ,0
 119200 ,7      ,1
 119200 ,8      ,0
 119450 ,7      ,0
 119450 ,8      ,1
 119650 ,3      ,1
 119750 ,6      ,1
 119750 ,8      ,0
 120000 ,6      ,0
 120000 ,7      ,1
 120200 ,1      ,0
 120200 ,2      ,1
 120200 ,3      ,0
 120200 ,4      ,1
 120250 ,7      ,0
 120250 ,8      ,1
 120500 ,7      ,1
 120500 ,8      ,0
 120700 ,2      ,0
 120700 ,3      ,1
 120700 ,4      ,0
 120700 ,5      ,1
 120800 ,6      ,1
 120800 ,7      ,0
 121050 ,6      ,0
 121050 ,8      ,1
 121100 ,3      ,0
 121100 ,5      ,0
 121300 ,6      ,1
 121300 ,8      ,0
 121550 ,6      ,0
 121550 ,7      ,1
 121850 ,6      ,1
 121850 ,7      ,0
 122100 ,6      ,0
 122100 ,8      ,1
 122350 ,5      ,1
 122350 ,7      ,1
 122350 ,8      ,0
 122600 ,7      ,0
 122600 ,8      ,1
 122900 ,1      ,1
 122900 ,5      ,0
 122900 ,6      ,1
 122900 ,8      ,0
 123150 ,6      ,0
 123150 ,7      ,1
 123400 ,7      ,0
 123400 ,8      ,1
 123600 ,1      ,0
 123600 ,3      ,1
 123650 ,7      ,1
 123650 ,8      ,0
 123950 ,3      ,0
 123950 ,5      ,1
 123950 ,6      ,1
 123950 ,7      ,0
 124200 ,6      ,0
 124200 ,8      ,1
 124300 ,4      ,1
 124300 ,5      ,0
 124450 ,6      ,1
 124450 ,8      ,0
 124700 ,6      ,0
 124700 ,7      ,1
 124950 ,2      ,1
 124950 ,4      ,0
 125000 ,6      ,1
 125000 ,7      ,0
 125250 ,6      ,0
 125250 ,8      ,1
 125400 ,2      ,0
 125500 ,2      ,1
 125500 ,7      ,1
 125500 ,8      ,0
 125750 ,7      ,0
 125750 ,8      ,1
 125950 ,2      ,0
 125950 ,3      ,1
 126050 ,6      ,1
 126050 ,8      ,0
 126200 ,3      ,0
 126200 ,4      ,1
 126300 ,6      ,0
 126300 ,7      ,1
 126550 ,7      ,0
 126550 ,8      ,1
 126800 ,7      ,1
 126800 ,8      ,0
 127100 ,1      ,1
 127100 ,4      ,0
 127100 ,6      ,1
 127100 ,7      ,0
 127350 ,6      ,0
 127350 ,8      ,1
 127600 ,1      ,0
 127600 ,4      ,1
 127600 ,6      ,1
 127600 ,8      ,0
 127850 ,6      ,0
 127850 ,7      ,1
 128050 ,3      ,1
 128050 ,4      ,0
 128150 ,6      ,1
 128150 ,7      ,0
 128400 ,2      ,1
 128400 ,3      ,0
 128400 ,6      ,0
 128400 ,8      ,1
 128650 ,7      ,1
 128650 ,8      ,0
 128900 ,7      ,0
 128900 ,8      ,1
 129150 ,1      ,1
 129150 ,2      ,0
 129200 ,6      ,1
 129200 ,8      ,0
 129450 ,6      ,0
 129450 ,7      ,1
 129700 ,7      ,0
 129700 ,8      ,1
 129950 ,7      ,1
 129950 ,8      ,0
 130150 ,1      ,0
 130250 ,6      ,1
 130250 ,7      ,0
 130500 ,6      ,0
 130500 ,8      ,1
 130800 ,5      ,1
 130800 ,6      ,1
 130800 ,8      ,0
 131000 ,6      ,0
 131000 ,7      ,1
 131300 ,1      ,1
 131300 ,5      ,0
 131300 ,6      ,1
 131300 ,7      ,0
 131550 ,6      ,0
 131550 ,8      ,1
 131800 ,7      ,1
 131800 ,8      ,0
 132050 ,1      ,0
 132050 ,2      ,1
 132050 ,7      ,0
 132050 ,8      ,1
 132300 ,2      ,0
 132300 ,5      ,1
 132350 ,6      ,1
 132350 ,8      ,0
 132600 ,6      ,0
 132600 ,7      ,1
 132850 ,4      ,1
 132850 ,5      ,0
 132850 ,7      ,0
 132850 ,8      ,1
 133100 ,7      ,1
 133100 ,8      ,0
 133400 ,2      ,1
 133400 ,6      ,1
 133400 ,7      ,0
 133650 ,6      ,0
 133650 ,8      ,1
 133800 ,1      ,1
 133800 ,2      ,0
 133800 ,3      ,1
 133800 ,4      ,0
 133900 ,6      ,1
 133900 ,8      ,0
 134150 ,6      ,0
 134150 ,7      ,1
 134350 ,1      ,0
 134350 ,2      ,1
 134350 ,3      ,0
 134350 ,4      ,1
 134450 ,6      ,1
 134450 ,7      ,0
 134700 ,2      ,0
 134700 ,3      ,1
 134700 ,4      ,0
 134700 ,5      ,1
 134700 ,6      ,0
 134700 ,8      ,1
 134950 ,7      ,1
 134950 ,8      ,0
 135100 ,3      ,0
 135100 ,5      ,0
 135200 ,7      ,0
 135200 ,8      ,1
 135450 ,2      ,1
 135450 ,4      ,1
 135500 ,6      ,1
 135500 ,8      ,0
 135750 ,6      ,0
 135750 ,7      ,1
 135850 ,1      ,1
 135850 ,2      ,0
 135850 ,3      ,1
 135850 ,4      ,0
 136000 ,7      ,0
 136000 ,8      ,1
 136250 ,7      ,1
 136250 ,8      ,0
 136450 ,1      ,0
 136450 ,2      ,1
 136450 ,3      ,0
 136450 ,4      ,1
 136550 ,6      ,1
 136550 ,7      ,0
 136700 ,2      ,0
 136700 ,4      ,0
 136800 ,2      ,1
 136800 ,4      ,1
 136800 ,6      ,0
 136800 ,8      ,1
 137050 ,6      ,1
 137050 ,8      ,0
 137300 ,6      ,0
 137300 ,7      ,1
 137550 ,2      ,0
 137550 ,3      ,1
 137550 ,4      ,0
 137600 ,2      ,1
 137600 ,4      ,1
 137600 ,6      ,1
 137600 ,7      ,0
 137650 ,1      ,1
 137650 ,5      ,1
 137850 ,6      ,0
 137850 ,8      ,1
 138100 ,7      ,1
 138100 ,8      ,0
 138350 ,7      ,0
 138400 ,6      ,1
 138450 ,6      ,0
 138450 ,7      ,1
 138500 ,7      ,0
 138500 ,8      ,1
 138550 ,6      ,1
 138550 ,8      ,0
 138600 ,6      ,0
 138650 ,1      ,0
 138650 ,2      ,0
 138650 ,3      ,0
 138650 ,4      ,0
 138650 ,5      ,0
 138650 ,6      ,1
 138650 ,7      ,1
 138650 ,8      ,1
 138750 ,6      ,0
 138750 ,8      ,0
 138850 ,7      ,0
 138900 ,6      ,1
 138900 ,7      ,1
 138900 ,8      ,1
 139150 ,6      ,0
 139150 ,7      ,0
 139300 ,6      ,1
 139300 ,7      ,1
 139400 ,6      ,0
 139400 ,7      ,0
 139400 ,8      ,0
 139450 ,7      ,1
 139450 ,8      ,1
 139700 ,2      ,1
 139700 ,4      ,1
 139700 ,6      ,1
 139700 ,7      ,0
 139700 ,8      ,0
 139750 ,7      ,1
 139800 ,8      ,1
 139850 ,6      ,0
 139850 ,8      ,0
 139900 ,2      ,0
 139900 ,4      ,0
 140000 ,2      ,1
 140000 ,4      ,1
 140350 ,7      ,0
 140350 ,8      ,1
 140500 ,1      ,1
 140500 ,2      ,0
 140500 ,3      ,1
 140500 ,4      ,0
 140500 ,7      ,1
 140500 ,8      ,0
 140750 ,1      ,0
 140750 ,2      ,1
 140750 ,3      ,0
 140750 ,4      ,1
 141300 ,6      ,1
 141300 ,7      ,0
 141400 ,6      ,0
 141400 ,7      ,1
 141550 ,2      ,0
 141550 ,3      ,1
 141550 ,4      ,0
 141550 ,5      ,1
 141550 ,6      ,1
 141550 ,7      ,0
 141700 ,3      ,0
 141700 ,5      ,0
 141800 ,2      ,1
 141850 ,3      ,1
 141900 ,2      ,0
 141900 ,4      ,1
 142100 ,6      ,0
 142100 ,7      ,1
 142350 ,7      ,0
 142350 ,8      ,1
 142500 ,7      ,1
 142500 ,8      ,0
 142600 ,7      ,0
 142600 ,8      ,1
 142800 ,3      ,0
 142800 ,4      ,0
 142900 ,3      ,1
 142950 ,4      ,1
 143000 ,3      ,0
 143000 ,5      ,1
 143050 ,4      ,0
 143150 ,7      ,1
 143150 ,8      ,0
 143400 ,5      ,0
 143400 ,6      ,1
 143400 ,7      ,0
 143500 ,6      ,0
 143500 ,7      ,1
 143650 ,3      ,1
 143650 ,6      ,1
 143650 ,7      ,0
 143950 ,1      ,1
 143950 ,2      ,1
 143950 ,3      ,0
 143950 ,6      ,0
 143950 ,8      ,1
 144200 ,7      ,1
 144200 ,8      ,0
 144350 ,1      ,0
 144350 ,2      ,0
 144450 ,1      ,1
 144450 ,2      ,1
 144450 ,7      ,0
 144450 ,8      ,1
 144550 ,6      ,1
 144550 ,8      ,0
 144700 ,1      ,0
 144700 ,3      ,1
 144700 ,6      ,0
 144700 ,8      ,1
 144850 ,2      ,0
 144850 ,3      ,0
 144950 ,2      ,1
 144950 ,3      ,1
 145250 ,7      ,1
 145250 ,8      ,0
 145400 ,2      ,0
 145400 ,3      ,0
 145500 ,2      ,1
 145500 ,3      ,1
 145500 ,6      ,1
 145500 ,7      ,0
 145650 ,6      ,0
 145650 ,7      ,1
 145750 ,2      ,0
 145750 ,4      ,1
 145750 ,6      ,1
 145750 ,7      ,0
 146050 ,1      ,1
 146050 ,3      ,0
 146050 ,4      ,0
 146050 ,6      ,0
 146050 ,8      ,1
 146100 ,2      ,1
 146150 ,1      ,0
 146150 ,3      ,1
 146150 ,7      ,1
 146150 ,8      ,0
 146200 ,2      ,0
 146200 ,4      ,1
 146250 ,3      ,0
 146250 ,5      ,1
 146300 ,4      ,0
 146300 ,7      ,0
 146300 ,8      ,1
 146550 ,5      ,0
 146550 ,6      ,1
 146550 ,8      ,0
 146700 ,6      ,0
 146700 ,7      ,1
 146800 ,6      ,1
 146800 ,7      ,0
 147100 ,6      ,0
 147100 ,7      ,1
 147200 ,6      ,1
 147200 ,7      ,0
 147350 ,6      ,0
 147350 ,8      ,1
 147600 ,4      ,1
 147600 ,6      ,1
 147600 ,7      ,1
 148150 ,3      ,1
 148150 ,4      ,0
 148150 ,5      ,1
 148150 ,6      ,0
 148150 ,8      ,0
 148750 ,7      ,0
 148750 ,8      ,1
 148800 ,3      ,0
 148800 ,5      ,0
 148900 ,3      ,1
 148900 ,5      ,1
 148900 ,7      ,1
 148900 ,8      ,0
 149100 ,3      ,0
 149100 ,4      ,1
 149100 ,5      ,0
 149400 ,3      ,1
 149400 ,4      ,0
 149400 ,5      ,1
 149450 ,6      ,1
 149450 ,7      ,0
 149700 ,6      ,0
 149700 ,8      ,1
 149850 ,7      ,1
 149850 ,8      ,0
 149950 ,7      ,0
 149950 ,8      ,1
 150250 ,2      ,1
 150250 ,3      ,0
 150250 ,4      ,1
 150250 ,5      ,0
 150500 ,6      ,1
 150500 ,8      ,0
 150750 ,6      ,0
 150750 ,7      ,1
 150850 ,6      ,1
 150850 ,7      ,0
 151000 ,6      ,0
 151000 ,7      ,1
 151200 ,1      ,1
 151200 ,2      ,0
 151200 ,3      ,1
 151200 ,4      ,0
 151500 ,1      ,0
 151500 ,2      ,1
 151500 ,3      ,0
 151500 ,4      ,1
 151550 ,7      ,0
 151550 ,8      ,1
 151700 ,2      ,0
 151700 ,4      ,0
 151800 ,2      ,1
 151800 ,4      ,1
 151800 ,6      ,1
 151800 ,8      ,0
 151900 ,6      ,0
 151900 ,7      ,1
 152050 ,2      ,0
 152050 ,3      ,1
 152050 ,4      ,0
 152050 ,5      ,1
 152050 ,6      ,1
 152050 ,7      ,0
 152200 ,1      ,1
 152250 ,2      ,1
 152250 ,3      ,0
 152250 ,5      ,0
 152300 ,1      ,0
 152300 ,3      ,1
 152350 ,2      ,0
 152550 ,6      ,0
 152550 ,8      ,1
 152850 ,7      ,1
 152850 ,8      ,0
 153000 ,7      ,0
 153000 ,8      ,1
 153100 ,7      ,1
 153100 ,8      ,0
 153250 ,3      ,0
 153300 ,2      ,1
 153350 ,3      ,1
 153400 ,2      ,0
 153400 ,4      ,1
 153450 ,3      ,0
 153650 ,6      ,1
 153650 ,7      ,0
 153900 ,6      ,0
 153900 ,7      ,1
 154000 ,7      ,0
 154000 ,8      ,1
 154150 ,7      ,1
 154150 ,8      ,0
 154250 ,1      ,1
 154250 ,4      ,0
 154300 ,2      ,1
 154350 ,1      ,0
 154350 ,3      ,1
 154400 ,2      ,0
 154400 ,4      ,1
 154450 ,3      ,0
 154450 ,5      ,1
 154450 ,6      ,1
 154450 ,7      ,0
 154500 ,4      ,0
 154550 ,6      ,0
 154550 ,7      ,1
 154700 ,6      ,1
 154700 ,7      ,0
 154950 ,5      ,0
 154950 ,6      ,0
 154950 ,8      ,1
 155100 ,7      ,1
 155100 ,8      ,0
 155200 ,7      ,0
 155200 ,8      ,1
 155500 ,6      ,1
 155500 ,8      ,0
 155550 ,6      ,0
 155550 ,7      ,1
 155700 ,6      ,1
 155700 ,7      ,0
 156000 ,4      ,1
 156000 ,7      ,1
 156000 ,8      ,1
 156050 ,3      ,1
 156050 ,5      ,1
 156350 ,6      ,0
 156350 ,7      ,0
 156350 ,8      ,0
 156550 ,4      ,0
 156550 ,5      ,0
 156550 ,6      ,1
 156550 ,7      ,1
 156550 ,8      ,1
 156950 ,3      ,0
 157050 ,3      ,1
 157050 ,6      ,0
 157050 ,8      ,0
 157200 ,6      ,1
 157200 ,7      ,0
 157300 ,6      ,0
 157300 ,7      ,1
 157400 ,3      ,0
 157500 ,3      ,1
 157850 ,7      ,0
 157850 ,8      ,1
 158100 ,6      ,1
 158100 ,7      ,1
 158100 ,8      ,0
 158150 ,3      ,0
 158150 ,4      ,1
 158200 ,7      ,0
 158350 ,7      ,1
 158600 ,4      ,0
 158600 ,5      ,1
 158650 ,1      ,1
 158650 ,8      ,1
 158800 ,1      ,0
 159050 ,8      ,0
 159150 ,1      ,1
 159150 ,7      ,0
 159150 ,8      ,1
 159300 ,7      ,1
 159350 ,8      ,0
 159450 ,2      ,1
 159450 ,7      ,0
 159450 ,8      ,1
 159600 ,8      ,0
 159700 ,3      ,1
 159700 ,5      ,0
 159700 ,6      ,0
 159700 ,7      ,1
 159700 ,8      ,1
 159800 ,6      ,1
 159800 ,7      ,0
 159950 ,1      ,0
 159950 ,2      ,0
 159950 ,3      ,0
 159950 ,6      ,0
 159950 ,7      ,1
 159950 ,8      ,0
 160200 ,3      ,1
 160200 ,6      ,1
 160200 ,8      ,1
 160250 ,2      ,1
 160250 ,4      ,1
 160350 ,7      ,0
 160450 ,7      ,1
 160650 ,6      ,0
 160650 ,7      ,0
 160650 ,8      ,0
 160750 ,3      ,0
 160750 ,4      ,0
 160750 ,6      ,1
 161000 ,6      ,0
 161000 ,7      ,1
 161400 ,2      ,0
 161400 ,7      ,0
 161400 ,8      ,1
 161500 ,2      ,1
 161500 ,6      ,1
 161500 ,8      ,0
 161700 ,2      ,0
 161800 ,2      ,1
 162050 ,6      ,0
 162050 ,7      ,1
 162100 ,2      ,0
 162100 ,3      ,1
 162300 ,7      ,0
 162300 ,8      ,1
 162450 ,6      ,1
 162600 ,3      ,0
 162600 ,4      ,1
 162600 ,6      ,0
 162850 ,7      ,1
 162850 ,8      ,0
 162950 ,1      ,1
 162950 ,6      ,1
 162950 ,7      ,0
 162950 ,8      ,1
 163050 ,6      ,0
 163100 ,1      ,0
 163100 ,6      ,1
 163100 ,7      ,1
 163100 ,8      ,0
 163350 ,1      ,1
 163350 ,6      ,0
 163350 ,7      ,0
 163350 ,8      ,1
 163450 ,6      ,1
 163500 ,7      ,1
 163550 ,6      ,0
 163600 ,2      ,1
 163600 ,7      ,0
 163650 ,6      ,1
 163800 ,6      ,0
 163850 ,3      ,1
 163850 ,4      ,0
 163850 ,6      ,1
 163850 ,7      ,1
 163850 ,8      ,0
 164050 ,6      ,0
 164150 ,1      ,0
 164150 ,2      ,0
 164150 ,3      ,0
 164150 ,7      ,0
 164150 ,8      ,1
 164400 ,5      ,1
 164400 ,6      ,1
 164400 ,7      ,1
 164700 ,6      ,0
 164700 ,8      ,0
 164950 ,1      ,1
 164950 ,3      ,1
 164950 ,5      ,0
 164950 ,7      ,0
 164950 ,8      ,1
 165050 ,7      ,1
 165050 ,8      ,0
 165200 ,7      ,0
 165200 ,8      ,1
 165350 ,1      ,0
 165350 ,3      ,0
 165450 ,1      ,1
 165450 ,3      ,1
 165450 ,6      ,1
 165450 ,8      ,0
 165600 ,7      ,1
 165750 ,7      ,0
 165900 ,1      ,0
 165900 ,3      ,0
 166000 ,1      ,1
 166000 ,3      ,1
 166000 ,6      ,0
 166000 ,8      ,1
 166100 ,7      ,1
 166250 ,1      ,0
 166250 ,2      ,1
 166250 ,3      ,0
 166250 ,4      ,1
 166250 ,6      ,1
 166250 ,7      ,0
 166300 ,8      ,0
 166500 ,6      ,0
 166500 ,7      ,1
 166600 ,8      ,1
 166750 ,8      ,0
 167050 ,2      ,0
 167050 ,3      ,1
 167050 ,4      ,0
 167050 ,5      ,1
 167050 ,6      ,1
 167050 ,7      ,0
 167150 ,7      ,1
 167300 ,7      ,0
 167550 ,6      ,0
 167550 ,8      ,1
 167700 ,7      ,1
 167850 ,7      ,0
 168000 ,3      ,0
 168100 ,6      ,1
 168100 ,8      ,0
 168200 ,7      ,1
 168350 ,5      ,0
 168350 ,6      ,0
 168350 ,7      ,0
 168350 ,8      ,1
 168600 ,6      ,1
 168600 ,8      ,0
 168750 ,7      ,1
 168850 ,7      ,0
 168900 ,3      ,1
 169150 ,2      ,1
 169150 ,3      ,0
 169150 ,6      ,0
 169150 ,8      ,1
 169250 ,7      ,1
 169250 ,8      ,0
 169400 ,7      ,0
 169400 ,8      ,1
 169650 ,7      ,1
 169650 ,8      ,0
 169800 ,6      ,1
 169800 ,7      ,0
 169950 ,1      ,1
 169950 ,2      ,0
 169950 ,6      ,0
 169950 ,7      ,1
 170200 ,7      ,0
 170200 ,8      ,1
 170450 ,1      ,0
 170450 ,2      ,1
 170450 ,7      ,1
 170450 ,8      ,0
 170700 ,2      ,0
 170700 ,3      ,1
 170700 ,6      ,1
 170700 ,7      ,0
 170800 ,8      ,1
 170950 ,8      ,0
 171250 ,1      ,1
 171250 ,3      ,0
 171250 ,5      ,1
 171250 ,6      ,0
 171250 ,7      ,1
 171350 ,7      ,0
 171350 ,8      ,1
 171500 ,7      ,1
 171500 ,8      ,0
 171750 ,6      ,1
 171750 ,7      ,0
 171900 ,6      ,0
 171900 ,7      ,1
 172050 ,7      ,0
 172050 ,8      ,1
 172300 ,1      ,0
 172300 ,5      ,0
 172300 ,7      ,1
 172300 ,8      ,0
 172400 ,6      ,1
 172400 ,7      ,0
 172550 ,6      ,0
 172550 ,7      ,1
 172800 ,7      ,0
 172800 ,8      ,1
 172900 ,6      ,1
 173100 ,6      ,0
 173100 ,7      ,1
 173100 ,8      ,0
 173300 ,7      ,0
 173400 ,6      ,1
 173600 ,6      ,0
 173600 ,7      ,1
 173850 ,6      ,1
 173850 ,7      ,0
 174100 ,6      ,0
 174100 ,8      ,1
 174300 ,6      ,1
 174300 ,8      ,0
 174500 ,6      ,0
 174500 ,7      ,1
 174700 ,6      ,1
 174700 ,7      ,0
 174900 ,6      ,0
 174900 ,8      ,1
 175100 ,6      ,1
 175100 ,8      ,0
 175300 ,6      ,0
 175300 ,7      ,1
 175500 ,6      ,1
 175500 ,7      ,0
 175700 ,6      ,0
 175700 ,8      ,1
 175900 ,6      ,1
 175900 ,8      ,0
 176100 ,6      ,0
 176100 ,7      ,1
 176300 ,6      ,1
 176300 ,7      ,0
 176500 ,6      ,0
 176500 ,8      ,1
 176700 ,6      ,1
 176700 ,8      ,0
 176900 ,6      ,0
 176900 ,7      ,1
 177100 ,6      ,1
 177100 ,7      ,0
 177300 ,6      ,0
 177300 ,8      ,1
 177500 ,6      ,1
 177500 ,8      ,0
 177700 ,6      ,0
 177700 ,7      ,1
 177900 ,6      ,1
 177900 ,7      ,0
 178100 ,6      ,0
 178100 ,8      ,1
 178300 ,6      ,1
 178300 ,8      ,0
 178500 ,6      ,0
 178500 ,7      ,1
 178700 ,6      ,1
 178700 ,7      ,0
 178900 ,6      ,0
 178900 ,8      ,1
 179100 ,6      ,1
 179100 ,8      ,0
 179300 ,6      ,0
 179300 ,7      ,1
 179500 ,6      ,1
 179500 ,7      ,0
 179700 ,6      ,0
 179700 ,8      ,1
 179900 ,6      ,1
 179900 ,8      ,0
 180100 ,6      ,0
 180100 ,7      ,1
 180300 ,6      ,1
 180300 ,7      ,0
 180500 ,6      ,0
 180500 ,8      ,1
 180700 ,6      ,1
 180700 ,8      ,0
 180900 ,6      ,0
 180900 ,7      ,1
 181100 ,6      ,1
 181100 ,7      ,0
 181300 ,6      ,0
 181300 ,8      ,1
 181500 ,6      ,1
 181500 ,8      ,0
 181700 ,6      ,0
 181700 ,7      ,1
 181800 ,3      ,1
 181900 ,6      ,1
 181900 ,7      ,0
 182100 ,6      ,0
 182100 ,8      ,1
 182300 ,6      ,1
 182300 ,8      ,0
 182500 ,6      ,0
 182500 ,7      ,1
 182700 ,6      ,1
 182700 ,7      ,0
 182900 ,6      ,0
 182900 ,8      ,1
 183100 ,6      ,1
 183100 ,8      ,0
 183300 ,6      ,0
 183300 ,7      ,1
 183500 ,6      ,1
 183500 ,7      ,0
 183700 ,6      ,0
 183700 ,8      ,1
 183900 ,1      ,1
 183900 ,6      ,1
 183900 ,8      ,0
 184100 ,6      ,0
 184100 ,7      ,1
 184300 ,6      ,1
 184300 ,7      ,0
 184500 ,6      ,0
 184500 ,8      ,1
 184700 ,6      ,1
 184700 ,8      ,0
 184900 ,6      ,0
 184900 ,7      ,1
 185100 ,6      ,1
 185100 ,7      ,0
 185400 ,6      ,0
 185400 ,8      ,1
 185600 ,6      ,1
 185600 ,8      ,0
 185800 ,6      ,0
 185800 ,7      ,1
 186000 ,2      ,1
 186000 ,6      ,1
 186000 ,7      ,0
 186200 ,6      ,0
 186200 ,8      ,1
 186400 ,6      ,1
 186400 ,8      ,0
 186600 ,6      ,0
 186600 ,7      ,1
 186800 ,6      ,1
 186800 ,7      ,0
 187000 ,5      ,1
 187000 ,6      ,0
 187000 ,8      ,1
 187200 ,6      ,1
 187200 ,8      ,0
 187400 ,6      ,0
 187400 ,7      ,1
 187600 ,6      ,1
 187600 ,7      ,0
 187800 ,6      ,0
 187800 ,8      ,1
 188000 ,6      ,1
 188000 ,8      ,0
 188100 ,4      ,1
 188100 ,5      ,0
 188150 ,4      ,0
 188200 ,3      ,0
 188200 ,5      ,1
 188200 ,6      ,0
 188200 ,7      ,1
 188250 ,2      ,0
 188250 ,4      ,1
 188300 ,1      ,0
 188300 ,3      ,1
 188350 ,2      ,1
 188400 ,1      ,1
 188400 ,5      ,0
 188400 ,6      ,1
 188400 ,7      ,0
 188450 ,4      ,0
 188450 ,5      ,1
 188500 ,3      ,0
 188500 ,4      ,1
 188550 ,2      ,0
 188550 ,3      ,1
 188600 ,1      ,0
 188600 ,2      ,1
 188600 ,6      ,0
 188600 ,8      ,1
 188650 ,1      ,1
 188650 ,2      ,0
 188700 ,2      ,1
 188700 ,3      ,0
 188750 ,3      ,1
 188750 ,4      ,0
 188800 ,4      ,1
 188800 ,5      ,0
 188800 ,6      ,1
 188800 ,8      ,0
 188850 ,4      ,0
 188850 ,5      ,1
 188900 ,3      ,0
 188900 ,4      ,1
 188950 ,2      ,0
 188950 ,3      ,1
 189000 ,1      ,0
 189000 ,2      ,1
 189000 ,6      ,0
 189000 ,7      ,1
 189050 ,1      ,1
 189050 ,2      ,0
 189100 ,2      ,1
 189100 ,3      ,0
 189150 ,3      ,1
 189150 ,4      ,0
 189200 ,1      ,0
 189200 ,2      ,0
 189200 ,3      ,0
 189200 ,5      ,0
 189200 ,6      ,1
 189200 ,7      ,0
 189400 ,6      ,0
 189400 ,8      ,1
 189600 ,6      ,1
 189600 ,8      ,0
 189800 ,6      ,0
 189800 ,7      ,1
 190000 ,6      ,1
 190000 ,7      ,0
 190150 ,1      ,1
 190150 ,6      ,0
 190150 ,8      ,1
 190250 ,1      ,0
 190250 ,2      ,1
 190350 ,2      ,0
 190350 ,3      ,1
 190400 ,7      ,1
 190400 ,8      ,0
 190450 ,3      ,0
 190450 ,4      ,1
 190550 ,4      ,0
 190550 ,5      ,1
 190650 ,1      ,1
 190650 ,5      ,0
 190650 ,6      ,1
 190650 ,7      ,0
 190750 ,1      ,0
 190750 ,2      ,1
 190850 ,2      ,0
 190850 ,3      ,1
 190950 ,3      ,0
 190950 ,4      ,1
 190950 ,6      ,0
 190950 ,8      ,1
 191050 ,4      ,0
 191050 ,5      ,1
 191200 ,1      ,1
 191200 ,5      ,0
 191200 ,7      ,1
 191200 ,8      ,0
 191300 ,1      ,0
 191300 ,2      ,1
 191400 ,2      ,0
 191400 ,3      ,1
 191450 ,6      ,1
 191450 ,7      ,0
 191500 ,3      ,0
 191500 ,4      ,1
 191600 ,4      ,0
 191600 ,5      ,1
 191750 ,1      ,1
 191750 ,5      ,0
 191750 ,6      ,0
 191750 ,8      ,1
 191850 ,1      ,0
 191850 ,2      ,1
 191950 ,2      ,0
 191950 ,3      ,1
 192000 ,7      ,1
 192000 ,8      ,0
 192050 ,3      ,0
 192050 ,4      ,1
 192150 ,4      ,0
 192150 ,5      ,1
 192250 ,1      ,1
 192250 ,5      ,0
 192250 ,6      ,1
 192250 ,7      ,0
 192350 ,1      ,0
 192350 ,2      ,1
 192450 ,2      ,0
 192450 ,3      ,1
 192550 ,3      ,0
 192550 ,4      ,1
 192550 ,6      ,0
 192550 ,8      ,1
 192650 ,4      ,0
 192650 ,5      ,1
 192800 ,1      ,1
 192800 ,5      ,0
 192800 ,7      ,1
 192800 ,8      ,0
 192900 ,1      ,0
 192900 ,2      ,1
 193000 ,2      ,0
 193000 ,3      ,1
 193050 ,6      ,1
 193050 ,7      ,0
 193100 ,3      ,0
 193100 ,4      ,1
 193200 ,4      ,0
 193200 ,5      ,1
 193350 ,1      ,1
 193350 ,5      ,0
 193350 ,6      ,0
 193350 ,8      ,1
 193450 ,1      ,0
 193450 ,2      ,1
 193550 ,2      ,0
 193550 ,3      ,1
 193600 ,7      ,1
 193600 ,8      ,0
 193650 ,3      ,0
 193650 ,4      ,1
 193750 ,4      ,0
 193750 ,5      ,1
 193850 ,1      ,1
 193850 ,5      ,0
 193850 ,6      ,1
 193850 ,7      ,0
 193950 ,1      ,0
 193950 ,2      ,1
 194050 ,2      ,0
 194050 ,3      ,1
 194100 ,6      ,0
 194100 ,8      ,1
 194150 ,3      ,0
 194150 ,4      ,1
 194250 ,4      ,0
 194250 ,5      ,1
 194350 ,1      ,1
 194350 ,5      ,0
 194350 ,7      ,1
 194400 ,8      ,0
 194450 ,1      ,0
 194450 ,2      ,1
 194550 ,2      ,0
 194550 ,3      ,1
 194650 ,3      ,0
 194650 ,4      ,1
 194650 ,6      ,1
 194650 ,7      ,0
 194750 ,4      ,0
 194750 ,5      ,1
 194900 ,1      ,1
 194900 ,5      ,0
 194900 ,6      ,0
 194900 ,8      ,1
 195000 ,1      ,0
 195000 ,2      ,1
 195100 ,2      ,0
 195100 ,3      ,1
 195150 ,7      ,1
 195150 ,8      ,0
 195200 ,3      ,0
 195200 ,4      ,1
 195300 ,4      ,0
 195300 ,5      ,1
 195400 ,1      ,1
 195400 ,5      ,0
 195400 ,6      ,1
 195400 ,7      ,0
 195500 ,1      ,0
 195500 ,2      ,1
 195600 ,2      ,0
 195600 ,3      ,1
 195700 ,3      ,0
 195700 ,4      ,1
 195700 ,6      ,0
 195700 ,8      ,1
 195800 ,4      ,0
 195800 ,5      ,1
 195950 ,1      ,1
 195950 ,5      ,0
 195950 ,7      ,1
 195950 ,8      ,0
 196050 ,1      ,0
 196050 ,2      ,1
 196150 ,2      ,0
 196150 ,3      ,1
 196200 ,6      ,1
 196200 ,7      ,0
 196250 ,3      ,0
 196250 ,4      ,1
 196350 ,4      ,0
 196350 ,5      ,1
 196450 ,3      ,1
 196450 ,5      ,0
 196450 ,6      ,0
 196450 ,8      ,1
 196500 ,2      ,1
 196500 ,4      ,1
 196550 ,1      ,1
 196550 ,3      ,0
 196550 ,5      ,1
 196600 ,2      ,0
 196600 ,4      ,0
 196650 ,5      ,0
 196700 ,3      ,1
 196750 ,2      ,1
 196750 ,4      ,1
 196750 ,7      ,1
 196750 ,8      ,0
 196800 ,5      ,1
 197000 ,6      ,1
 197000 ,7      ,0
 197250 ,6      ,0
 197250 ,8      ,1
 197500 ,7      ,1
 197500 ,8      ,0
 197600 ,1      ,0
 197600 ,2      ,0
 197600 ,3      ,0
 197600 ,4      ,0
 197600 ,5      ,0
 197800 ,6      ,1
 197800 ,7      ,0
 198050 ,6      ,0
 198050 ,8      ,1
 198300 ,7      ,1
 198300 ,8      ,0
 198550 ,1      ,1
 198550 ,7      ,0
 198550 ,8      ,1
 198650 ,1      ,0
 198650 ,2      ,1
 198750 ,2      ,0
 198750 ,3      ,1
 198800 ,7      ,1
 198800 ,8      ,0
 198850 ,3      ,0
 198850 ,4      ,1
 198950 ,4      ,0
 198950 ,5      ,1
 199050 ,1      ,1
 199050 ,5      ,0
 199050 ,6      ,1
 199050 ,7      ,0
 199150 ,1      ,0
 199150 ,2      ,1
 199250 ,2      ,0
 199250 ,3      ,1
 199350 ,3      ,0
 199350 ,4      ,1
 199350 ,6      ,0
 199350 ,8      ,1
 199450 ,4      ,0
 199450 ,5      ,1
 199600 ,1      ,1
 199600 ,5      ,0
 199600 ,7      ,1
 199600 ,8      ,0
 199700 ,1      ,0
 199700 ,2      ,1
 199800 ,2      ,0
 199800 ,3      ,1
 199850 ,6      ,1
 199850 ,7      ,0
 199900 ,3      ,0
 199900 ,4      ,1
 200000 ,4      ,0
 200000 ,5      ,1
 200150 ,1      ,1
 200150 ,5      ,0
 200150 ,6      ,0
 200150 ,8      ,1
 200250 ,1      ,0
 200250 ,2      ,1
 200350 ,2      ,0
 200350 ,3      ,1
 200400 ,7      ,1
 200400 ,8      ,0
 200450 ,3      ,0
 200450 ,4      ,1
 200550 ,4      ,0
 200550 ,5      ,1
 200650 ,1      ,1
 200650 ,5      ,0
 200650 ,6      ,1
 200650 ,7      ,0
 200750 ,1      ,0
 200750 ,2      ,1
 200850 ,2      ,0
 200850 ,3      ,1
 200950 ,3      ,0
 200950 ,4      ,1
 200950 ,6      ,0
 200950 ,8      ,1
 201050 ,4      ,0
 201050 ,5      ,1
 201200 ,1      ,1
 201200 ,5      ,0
 201200 ,7      ,1
 201200 ,8      ,0
 201300 ,1      ,0
 201300 ,2      ,1
 201400 ,2      ,0
 201400 ,3      ,1
 201450 ,6      ,1
 201450 ,7      ,0
 201500 ,3      ,0
 201500 ,4      ,1
 201600 ,4      ,0
 201600 ,5      ,1
 201750 ,1      ,1
 201750 ,5      ,0
 201750 ,6      ,0
 201750 ,8      ,1
 201850 ,1      ,0
 201850 ,2      ,1
 201950 ,2      ,0
 201950 ,3      ,1
 202000 ,7      ,1
 202000 ,8      ,0
 202050 ,3      ,0
 202050 ,4      ,1
 202150 ,4      ,0
 202150 ,5      ,1
 202250 ,3      ,1
 202250 ,6      ,1
 202250 ,7      ,0
 202500 ,2      ,1
 202500 ,3      ,0
 202500 ,4      ,1
 202500 ,5      ,0
 202500 ,6      ,0
 202500 ,8      ,1
 202750 ,1      ,1
 202750 ,2      ,0
 202750 ,3      ,1
 202750 ,4      ,0
 202750 ,7      ,1
 202800 ,8      ,0
 203050 ,6      ,1
 203050 ,7      ,0
 203200 ,1      ,0
 203200 ,3      ,0
 203300 ,1      ,1
 203300 ,3      ,1
 203300 ,6      ,0
 203300 ,8      ,1
 203550 ,7      ,1
 203550 ,8      ,0
 203800 ,2      ,1
 203800 ,3      ,0
 203800 ,6      ,1
 203800 ,7      ,0
 204100 ,3      ,1
 204100 ,6      ,0
 204100 ,8      ,1
 204350 ,1      ,0
 204350 ,4      ,1
 204350 ,5      ,1
 204350 ,7      ,1
 204350 ,8      ,0
 204400 ,2      ,0
 204450 ,1      ,1
 204450 ,3      ,0
 204500 ,2      ,1
 204500 ,4      ,0
 204550 ,3      ,1
 204550 ,5      ,0
 204600 ,4      ,1
 204600 ,6      ,1
 204600 ,7      ,0
 204650 ,5      ,1
 204850 ,1      ,0
 204850 ,2      ,0
 204850 ,4      ,0
 204850 ,5      ,0
 204850 ,6      ,0
 204850 ,8      ,1
 204900 ,2      ,1
 204900 ,4      ,1
 204950 ,1      ,1
 204950 ,3      ,0
 204950 ,5      ,1
 205000 ,2      ,0
 205000 ,4      ,0
 205050 ,5      ,0
 205100 ,3      ,1
 205150 ,2      ,1
 205150 ,4      ,1
 205150 ,7      ,1
 205150 ,8      ,0
 205200 ,5      ,1
 205400 ,6      ,1
 205400 ,7      ,0
 205650 ,6      ,0
 205650 ,8      ,1
 205900 ,1      ,0
 205900 ,2      ,0
 205900 ,3      ,0
 205900 ,4      ,0
 205900 ,5      ,0
 206000 ,7      ,1
 206000 ,8      ,0
 206150 ,6      ,1
 206150 ,7      ,0
 206400 ,6      ,0
 206400 ,8      ,1
 206550 ,6      ,1
 206550 ,7      ,1
 206650 ,6      ,0
 206650 ,7      ,0
 206650 ,8      ,0
 206700 ,6      ,1
 206700 ,7      ,1
 206700 ,8      ,1
 206850 ,6      ,0
 206850 ,7      ,0
 206850 ,8      ,0
 206950 ,2      ,1
 206950 ,4      ,1
 206950 ,6      ,1
 206950 ,7      ,1
 206950 ,8      ,1
 207100 ,6      ,0
 207100 ,8      ,0
 207150 ,2      ,0
 207150 ,4      ,0
 207250 ,2      ,1
 207250 ,4      ,1
 207600 ,7      ,0
 207600 ,8      ,1
 207750 ,1      ,1
 207750 ,2      ,0
 207750 ,3      ,1
 207750 ,4      ,0
 207750 ,7      ,1
 207750 ,8      ,0
 208000 ,1      ,0
 208000 ,2      ,1
 208000 ,3      ,0
 208000 ,4      ,1
 208550 ,6      ,1
 208550 ,7      ,0
 208650 ,6      ,0
 208650 ,7      ,1
 208800 ,2      ,0
 208800 ,3      ,1
 208800 ,4      ,0
 208800 ,5      ,1
 208800 ,6      ,1
 208800 ,7      ,0
 208950 ,3      ,0
 208950 ,5      ,0
 209050 ,2      ,1
 209100 ,3      ,1
 209150 ,2      ,0
 209150 ,4      ,1
 209350 ,6      ,0
 209350 ,7      ,1
 209600 ,7      ,0
 209600 ,8      ,1
 209750 ,7      ,1
 209750 ,8      ,0
 209850 ,7      ,0
 209850 ,8      ,1
 210050 ,3      ,0
 210050 ,4      ,0
 210150 ,3      ,1
 210200 ,4      ,1
 210250 ,3      ,0
 210250 ,5      ,1
 210300 ,4      ,0
 210400 ,7      ,1
 210400 ,8      ,0
 210650 ,5      ,0
 210650 ,6      ,1
 210650 ,7      ,0
 210750 ,6      ,0
 210750 ,7      ,1
 210900 ,3      ,1
 210900 ,6      ,1
 210900 ,7      ,0
 211200 ,1      ,1
 211200 ,2      ,1
 211200 ,3      ,0
 211200 ,6      ,0
 211200 ,8      ,1
 211450 ,7      ,1
 211450 ,8      ,0
 211600 ,1      ,0
 211600 ,2      ,0
 211700 ,1      ,1
 211700 ,2      ,1
 211700 ,7      ,0
 211700 ,8      ,1
 211800 ,6      ,1
 211800 ,8      ,0
 211950 ,1      ,0
 211950 ,3      ,1
 211950 ,6      ,0
 211950 ,8      ,1
 212100 ,2      ,0
 212100 ,3      ,0
 212200 ,2      ,1
 212200 ,3      ,1
 212500 ,7      ,1
 212500 ,8      ,0
 212650 ,2      ,0
 212650 ,3      ,0
 212750 ,2      ,1
 212750 ,3      ,1
 212750 ,6      ,1
 212750 ,7      ,0
 212900 ,6      ,0
 212900 ,7      ,1
 213000 ,2      ,0
 213000 ,4      ,1
 213000 ,6      ,1
 213000 ,7      ,0
 213300 ,1      ,1
 213300 ,3      ,0
 213300 ,4      ,0
 213300 ,6      ,0
 213300 ,8      ,1
 213350 ,2      ,1
 213400 ,1      ,0
 213400 ,3      ,1
 213400 ,7      ,1
 213400 ,8      ,0
 213450 ,2      ,0
 213450 ,4      ,1
 213500 ,3      ,0
 213500 ,5      ,1
 213550 ,4      ,0
 213550 ,7      ,0
 213550 ,8      ,1
 213800 ,5      ,0
 213800 ,6      ,1
 213800 ,8      ,0
 213950 ,6      ,0
 213950 ,7      ,1
 214050 ,6      ,1
 214050 ,7      ,0
 214350 ,6      ,0
 214350 ,7      ,1
 214450 ,6      ,1
 214450 ,7      ,0
 214600 ,6      ,0
 214600 ,8      ,1
 214850 ,4      ,1
 214850 ,6      ,1
 214850 ,7      ,1
 215400 ,3      ,1
 215400 ,4      ,0
 215400 ,5      ,1
 215400 ,6      ,0
 215400 ,8      ,0
 216000 ,7      ,0
 216000 ,8      ,1
 216050 ,3      ,0
 216050 ,5      ,0
 216150 ,3      ,1
 216150 ,5      ,1
 216150 ,7      ,1
 216150 ,8      ,0
 216350 ,3      ,0
 216350 ,4      ,1
 216350 ,5      ,0
 216650 ,3      ,1
 216650 ,4      ,0
 216650 ,5      ,1
 216700 ,6      ,1
 216700 ,7      ,0
 216950 ,6      ,0
 216950 ,8      ,1
 217100 ,7      ,1
 217100 ,8      ,0
 217200 ,7      ,0
 217200 ,8      ,1
 217500 ,2      ,1
 217500 ,3      ,0
 217500 ,4      ,1
 217500 ,5      ,0
 217750 ,6      ,1
 217750 ,8      ,0
 218000 ,6      ,0
 218000 ,7      ,1
 218100 ,6      ,1
 218100 ,7      ,0
 218250 ,6      ,0
 218250 ,7      ,1
 218450 ,1      ,1
 218450 ,2      ,0
 218450 ,3      ,1
 218450 ,4      ,0
 218750 ,1      ,0
 218750 ,2      ,1
 218750 ,3      ,0
 218750 ,4      ,1
 218800 ,7      ,0
 218800 ,8      ,1
 218950 ,2      ,0
 218950 ,4      ,0
 219050 ,2      ,1
 219050 ,4      ,1
 219050 ,6      ,1
 219050 ,8      ,0
 219150 ,6      ,0
 219150 ,7      ,1
 219300 ,2      ,0
 219300 ,3      ,1
 219300 ,4      ,0
 219300 ,5      ,1
 219300 ,6      ,1
 219300 ,7      ,0
 219450 ,1      ,1
 219500 ,2      ,1
 219500 ,3      ,0
 219500 ,5      ,0
 219550 ,1      ,0
 219550 ,3      ,1
 219600 ,2      ,0
 219800 ,6      ,0
 219800 ,8      ,1
 220100 ,7      ,1
 220100 ,8      ,0
 220250 ,7      ,0
 220250 ,8      ,1
 220350 ,7      ,1
 220350 ,8      ,0
 220500 ,3      ,0
 220550 ,2      ,1
 220600 ,3      ,1
 220650 ,2      ,0
 220650 ,4      ,1
 220700 ,3      ,0
 220900 ,6      ,1
 220900 ,7      ,0
 221150 ,6      ,0
 221150 ,7      ,1
 221250 ,7      ,0
 221250 ,8      ,1
 221400 ,7      ,1
 221400 ,8      ,0
 221500 ,1      ,1
 221500 ,4      ,0
 221550 ,2      ,1
 221600 ,1      ,0
 221600 ,3      ,1
 221650 ,2      ,0
 221650 ,4      ,1
 221700 ,3      ,0
 221700 ,5      ,1
 221700 ,6      ,1
 221700 ,7      ,0
 221750 ,4      ,0
 221800 ,6      ,0
 221800 ,7      ,1
 221950 ,6      ,1
 221950 ,7      ,0
 222200 ,5      ,0
 222200 ,6      ,0
 222200 ,8      ,1
 222350 ,7      ,1
 222350 ,8      ,0
 222450 ,7      ,0
 222450 ,8      ,1
 222750 ,6      ,1
 222750 ,8      ,0
 222800 ,6      ,0
 222800 ,7      ,1
 222950 ,6      ,1
 222950 ,7      ,0
 223250 ,4      ,1
 223250 ,7      ,1
 223250 ,8      ,1
 223300 ,3      ,1
 223300 ,5      ,1
 223600 ,6      ,0
 223600 ,7      ,0
 223600 ,8      ,0
 223800 ,4      ,0
 223800 ,5      ,0
 223800 ,6      ,1
 223800 ,7      ,1
 223800 ,8      ,1
 224200 ,3      ,0
 224300 ,3      ,1
 224300 ,6      ,0
 224300 ,8      ,0
 224450 ,6      ,1
 224450 ,7      ,0
 224550 ,6      ,0
 224550 ,7      ,1
 224650 ,3      ,0
 224750 ,3      ,1
 225100 ,7      ,0
 225100 ,8      ,1
 225350 ,6      ,1
 225350 ,7      ,1
 225350 ,8      ,0
 225400 ,3      ,0
 225400 ,4      ,1
 225450 ,7      ,0
 225600 ,7      ,1
 225850 ,4      ,0
 225850 ,5      ,1
 225900 ,1      ,1
 225900 ,8      ,1
 226050 ,1      ,0
 226300 ,8      ,0
 226400 ,1      ,1
 226400 ,7      ,0
 226400 ,8      ,1
 226550 ,7      ,1
 226600 ,8      ,0
 226700 ,2      ,1
 226700 ,7      ,0
 226700 ,8      ,1
 226850 ,8      ,0
 226950 ,3      ,1
 226950 ,5      ,0
 226950 ,6      ,0
 226950 ,7      ,1
 226950 ,8      ,1
 227050 ,6      ,1
 227050 ,7      ,0
 227200 ,1      ,0
 227200 ,2      ,0
 227200 ,3      ,0
 227200 ,6      ,0
 227200 ,7      ,1
 227200 ,8      ,0
 227450 ,3      ,1
 227450 ,6      ,1
 227450 ,8      ,1
 227500 ,2      ,1
 227500 ,4      ,1
 227600 ,7      ,0
 227700 ,7      ,1
 227900 ,6      ,0
 227900 ,7      ,0
 227900 ,8      ,0
 228000 ,3      ,0
 228000 ,4      ,0
 228000 ,6      ,1
 228250 ,6      ,0
 228250 ,7      ,1
 228650 ,2      ,0
 228650 ,7      ,0
 228650 ,8      ,1
 228750 ,2      ,1
 228750 ,6      ,1
 228750 ,8      ,0
 228950 ,2      ,0
 229050 ,2      ,1
 229300 ,6      ,0
 229300 ,7      ,1
 229350 ,2      ,0
 229350 ,3      ,1
 229550 ,7      ,0
 229550 ,8      ,1
 229700 ,6      ,1
 229850 ,3      ,0
 229850 ,4      ,1
 229850 ,6      ,0
 230100 ,7      ,1
 230100 ,8      ,0
 230200 ,1      ,1
 230200 ,6      ,1
 230200 ,7      ,0
 230200 ,8      ,1
 230300 ,6      ,0
 230350 ,1      ,0
 230350 ,6      ,1
 230350 ,7      ,1
 230350 ,8      ,0
 230600 ,1      ,1
 230600 ,6      ,0
 230600 ,7      ,0
 230600 ,8      ,1
 230700 ,6      ,1
 230750 ,7      ,1
 230800 ,6      ,0
 230850 ,2      ,1
 230850 ,7      ,0
 230900 ,6      ,1
 231050 ,6      ,0
 231100 ,3      ,1
 231100 ,4      ,0
 231100 ,6      ,1
 231100 ,7      ,1
 231100 ,8      ,0
 231300 ,6      ,0
 231400 ,1      ,0
 231400 ,2      ,0
 231400 ,3      ,0
 231400 ,7      ,0
 231400 ,8      ,1
 231650 ,5      ,1
 231650 ,6      ,1
 231650 ,7      ,1
 231950 ,6      ,0
 231950 ,8      ,0
 232200 ,1      ,1
 232200 ,3      ,1
 232200 ,5      ,0
 232200 ,7      ,0
 232200 ,8      ,1
 232300 ,7      ,1
 232300 ,8      ,0
 232450 ,7      ,0
 232450 ,8      ,1
 232600 ,1      ,0
 232600 ,3      ,0
 232700 ,1      ,1
 232700 ,3      ,1
 232700 ,6      ,1
 232700 ,8      ,0
 232850 ,7      ,1
 233000 ,7      ,0
 233150 ,1      ,0
 233150 ,3      ,0
 233250 ,1      ,1
 233250 ,3      ,1
 233250 ,6      ,0
 233250 ,8      ,1
 233350 ,7      ,1
 233500 ,1      ,0
 233500 ,2      ,1
 233500 ,3      ,0
 233500 ,4      ,1
 233500 ,6      ,1
 233500 ,7      ,0
 233550 ,8      ,0
 233750 ,6      ,0
 233750 ,7      ,1
 233850 ,8      ,1
 234000 ,8      ,0
 234300 ,2      ,0
 234300 ,3      ,1
 234300 ,4      ,0
 234300 ,5      ,1
 234300 ,6      ,1
 234300 ,7      ,0
 234400 ,7      ,1
 234550 ,7      ,0
 234800 ,6      ,0
 234800 ,8      ,1
 234950 ,7      ,1
 235100 ,7      ,0
 235250 ,3      ,0
 235350 ,6      ,1
 235350 ,8      ,0
 235450 ,7      ,1
 235600 ,5      ,0
 235600 ,6      ,0
 235600 ,7      ,0
 235600 ,8      ,1
 235850 ,6      ,1
 235850 ,8      ,0
 236000 ,7      ,1
 236100 ,7      ,0
 236150 ,3      ,1
 236400 ,2      ,1
 236400 ,3      ,0
 236400 ,6      ,0
 236400 ,8      ,1
 236500 ,7      ,1
 236500 ,8      ,0
 236650 ,7      ,0
 236650 ,8      ,1
 236900 ,7      ,1
 236900 ,8      ,0
 237050 ,6      ,1
 237050 ,7      ,0
 237200 ,1      ,1
 237200 ,2      ,0
 237200 ,6      ,0
 237200 ,7      ,1
 237450 ,7      ,0
 237450 ,8      ,1
 237700 ,1      ,0
 237700 ,2      ,1
 237700 ,7      ,1
 237700 ,8      ,0
 237950 ,2      ,0
 237950 ,3      ,1
 237950 ,6      ,1
 237950 ,7      ,0
 238050 ,8      ,1
 238200 ,8      ,0
 238500 ,1      ,1
 238500 ,3      ,0
 238500 ,5      ,1
 238500 ,6      ,0
 238500 ,7      ,1
 238600 ,7      ,0
 238600 ,8      ,1
 238750 ,7      ,1
 238750 ,8      ,0
 239000 ,6      ,1
 239000 ,7      ,0
 239150 ,6      ,0
 239150 ,7      ,1
 239300 ,7      ,0
 239300 ,8      ,1
 239650 ,6      ,1
 239650 ,8      ,0
 239800 ,6      ,0
 239800 ,7      ,1
 239950 ,7      ,0
 239950 ,8      ,1
 240000 ,1      ,0
 240000 ,5      ,0
 240050 ,1      ,1
 240150 ,2      ,1
 240200 ,3      ,1
 240250 ,4      ,1
 240300 ,5      ,1
 240300 ,6      ,1
 240300 ,7      ,1
 240450 ,1      ,0
 240450 ,2      ,0
 240450 ,3      ,0
 240450 ,4      ,0
 240450 ,5      ,0
 240450 ,6      ,0
 240450 ,7      ,0
 240450 ,8      ,0
 240600 ,1      ,1
 241400 ,1      ,0
 241600 ,2      ,1
 242000 ,2      ,0
 242150 ,3      ,1
 242550 ,3      ,0
 242700 ,4      ,1
 243450 ,4      ,0
 243700 ,4      ,1
 244100 ,4      ,0
 244250 ,5      ,1
 244650 ,5      ,0
 244800 ,2      ,1
 244800 ,4      ,1
 245800 ,1      ,1
 245800 ,2      ,0
 245800 ,3      ,1
 245800 ,4      ,0
 245800 ,5      ,1
 246350 ,1      ,0
 246350 ,2      ,1
 246350 ,3      ,0
 246350 ,4      ,1
 246350 ,5      ,0
 246900 ,2      ,0
 246900 ,4      ,0
 246900 ,6      ,1
 246900 ,7      ,1
 246900 ,8      ,1
 248000 ,6      ,0
 248000 ,7      ,0
 248000 ,8      ,0
 252450 ,1      ,0
 252450 ,2      ,0
 252450 ,3      ,0
 252450 ,4      ,0
 252450 ,5      ,0
 252450 ,6      ,0
 252450 ,7      ,0
 252450 ,8      ,0
 252450 ,END    ,1